[Informacije]
Uplaceno = true
Zavrseno = false
Uplata = 200
Dobitak = 7687.680175
Status = false
HourPobeda = 7.10.2015 14:30
parID0 = 8
keciksdva0 = 3
Kvota0 = 2.799999
teamID10 = 37
teamID20 = 22
parID1 = 1
keciksdva1 = 3
Kvota1 = 2.400000
teamID11 = 19
teamID21 = 6
parID2 = 5
keciksdva2 = 1
Kvota2 = 2.599999
teamID12 = 4
teamID22 = 11
parID3 = 7
keciksdva3 = 3
Kvota3 = 2.200000
teamID13 = 35
teamID23 = 32
parID4 = -1
keciksdva4 = -1
Kvota4 = 0.000000
teamID14 = -1
teamID24 = -1
parID5 = -1
keciksdva5 = -1
Kvota5 = 0.000000
teamID15 = -1
teamID25 = -1
parID6 = -1
keciksdva6 = -1
Kvota6 = 0.000000
teamID16 = -1
teamID26 = -1
parID7 = -1
keciksdva7 = -1
Kvota7 = 0.000000
teamID17 = -1
teamID27 = -1
parID8 = -1
keciksdva8 = -1
Kvota8 = 0.000000
teamID18 = -1
teamID28 = -1
parID9 = -1
keciksdva9 = -1
Kvota9 = 0.000000
teamID19 = -1
teamID29 = -1
