[Informacije]
Uplaceno = true
Zavrseno = false
Uplata = 200
Dobitak = 9335.041015
Status = false
HourPobeda = 8.10.2015 15:30
parID0 = 1
keciksdva0 = 3
Kvota0 = 2.200000
teamID10 = 41
teamID20 = 27
parID1 = 6
keciksdva1 = 3
Kvota1 = 2.599999
teamID11 = 11
teamID21 = 12
parID2 = 8
keciksdva2 = 3
Kvota2 = 3.400000
teamID12 = 27
teamID22 = 37
parID3 = 3
keciksdva3 = 1
Kvota3 = 2.400000
teamID13 = 2
teamID23 = 45
parID4 = -1
keciksdva4 = -1
Kvota4 = 0.000000
teamID14 = -1
teamID24 = -1
parID5 = -1
keciksdva5 = -1
Kvota5 = 0.000000
teamID15 = -1
teamID25 = -1
parID6 = -1
keciksdva6 = -1
Kvota6 = 0.000000
teamID16 = -1
teamID26 = -1
parID7 = -1
keciksdva7 = -1
Kvota7 = 0.000000
teamID17 = -1
teamID27 = -1
parID8 = -1
keciksdva8 = -1
Kvota8 = 0.000000
teamID18 = -1
teamID28 = -1
parID9 = -1
keciksdva9 = -1
Kvota9 = 0.000000
teamID19 = -1
teamID29 = -1
