[Informacije]
Uplaceno = true
Zavrseno = true
Uplata = 200
Dobitak = 56770.562500
Status = false
HourPobeda = 6.10.2015 12:30
parID0 = 9
keciksdva0 = 1
Kvota0 = 2.000000
teamID10 = 6
teamID20 = 31
parID1 = 8
keciksdva1 = 1
Kvota1 = 2.400000
teamID11 = 9
teamID21 = 30
parID2 = 7
keciksdva2 = 1
Kvota2 = 3.200000
teamID12 = 2
teamID22 = 1
parID3 = 3
keciksdva3 = 3
Kvota3 = 2.200000
teamID13 = 39
teamID23 = 0
parID4 = 6
keciksdva4 = 3
Kvota4 = 2.799998
teamID14 = 38
teamID24 = 22
parID5 = 2
keciksdva5 = 2
Kvota5 = 3.000000
teamID15 = 20
teamID25 = 26
parID6 = -1
keciksdva6 = -1
Kvota6 = 0.000000
teamID16 = -1
teamID26 = -1
parID7 = -1
keciksdva7 = -1
Kvota7 = 0.000000
teamID17 = -1
teamID27 = -1
parID8 = -1
keciksdva8 = -1
Kvota8 = 0.000000
teamID18 = -1
teamID28 = -1
parID9 = -1
keciksdva9 = -1
Kvota9 = 0.000000
teamID19 = -1
teamID29 = -1
