[Informacije]
Uplaceno = true
Zavrseno = true
Uplata = 0
Dobitak = 0.000000
Status = false
HourPobeda = 6.10.2015 12:30
parID0 = 0
keciksdva0 = 1
Kvota0 = 3.000000
teamID10 = 10
teamID20 = 8
parID1 = 1
keciksdva1 = 2
Kvota1 = 3.000000
teamID11 = 28
teamID21 = 45
parID2 = 2
keciksdva2 = 3
Kvota2 = 3.200000
teamID12 = 23
teamID22 = 14
parID3 = 3
keciksdva3 = 1
Kvota3 = 3.400000
teamID13 = 37
teamID23 = 27
parID4 = 4
keciksdva4 = 1
Kvota4 = 3.799998
teamID14 = 43
teamID24 = 13
parID5 = 5
keciksdva5 = 2
Kvota5 = 3.000000
teamID15 = 20
teamID25 = 16
parID6 = 6
keciksdva6 = 1
Kvota6 = 3.799998
teamID16 = 29
teamID26 = 12
parID7 = 7
keciksdva7 = 2
Kvota7 = 2.400000
teamID17 = 27
teamID27 = 26
parID8 = 8
keciksdva8 = 1
Kvota8 = 3.400000
teamID18 = 25
teamID28 = 3
parID9 = 9
keciksdva9 = 1
Kvota9 = 3.000000
teamID19 = 16
teamID29 = 19
