[Informacije]
Uplaceno = true
Zavrseno = false
Uplata = 100
Dobitak = 7833.599609
Status = false
HourPobeda = 4.10.2015 12:30
parID0 = 2
keciksdva0 = 1
Kvota0 = 3.200000
teamID10 = 25
teamID20 = 10
parID1 = 6
keciksdva1 = 3
Kvota1 = 3.400000
teamID11 = 5
teamID21 = 20
parID2 = 9
keciksdva2 = 1
Kvota2 = 3.599999
teamID12 = 29
teamID22 = 23
parID3 = 7
keciksdva3 = 1
Kvota3 = 2.000000
teamID13 = 7
teamID23 = 29
parID4 = -1
keciksdva4 = -1
Kvota4 = 0.000000
teamID14 = -1
teamID24 = -1
parID5 = -1
keciksdva5 = -1
Kvota5 = 0.000000
teamID15 = -1
teamID25 = -1
parID6 = -1
keciksdva6 = -1
Kvota6 = 0.000000
teamID16 = -1
teamID26 = -1
parID7 = -1
keciksdva7 = -1
Kvota7 = 0.000000
teamID17 = -1
teamID27 = -1
parID8 = -1
keciksdva8 = -1
Kvota8 = 0.000000
teamID18 = -1
teamID28 = -1
parID9 = -1
keciksdva9 = -1
Kvota9 = 0.000000
teamID19 = -1
teamID29 = -1
