[Informacije]
Uplaceno = true
Zavrseno = true
Uplata = 200
Dobitak = 113799.171875
Status = false
HourPobeda = 8.10.2015 16:30
parID0 = 0
keciksdva0 = 1
Kvota0 = 3.000000
teamID10 = 10
teamID20 = 8
parID1 = 1
keciksdva1 = 1
Kvota1 = 2.799998
teamID11 = 11
teamID21 = 45
parID2 = 2
keciksdva2 = 3
Kvota2 = 2.799998
teamID12 = 13
teamID22 = 3
parID3 = 8
keciksdva3 = 1
Kvota3 = 2.799998
teamID13 = 26
teamID23 = 30
parID4 = 9
keciksdva4 = 1
Kvota4 = 2.000000
teamID14 = 0
teamID24 = 31
parID5 = 7
keciksdva5 = 3
Kvota5 = 1.799998
teamID15 = 42
teamID25 = 12
parID6 = 5
keciksdva6 = 1
Kvota6 = 2.400000
teamID16 = 20
teamID26 = 41
parID7 = -1
keciksdva7 = -1
Kvota7 = 0.000000
teamID17 = -1
teamID27 = -1
parID8 = -1
keciksdva8 = -1
Kvota8 = 0.000000
teamID18 = -1
teamID28 = -1
parID9 = -1
keciksdva9 = -1
Kvota9 = 0.000000
teamID19 = -1
teamID29 = -1
