[Informacije]
Uplaceno = true
Zavrseno = false
Uplata = 200
Dobitak = 1702092.500000
Status = false
HourPobeda = 9.10.2015 14:30
parID0 = 0
keciksdva0 = 3
Kvota0 = 2.400000
teamID10 = 34
teamID20 = 23
parID1 = 1
keciksdva1 = 3
Kvota1 = 2.599999
teamID11 = 36
teamID21 = 4
parID2 = 2
keciksdva2 = 1
Kvota2 = 2.400000
teamID12 = 6
teamID22 = 25
parID3 = 3
keciksdva3 = 3
Kvota3 = 2.200000
teamID13 = 42
teamID23 = 19
parID4 = 4
keciksdva4 = 3
Kvota4 = 2.799999
teamID14 = 13
teamID24 = 21
parID5 = 5
keciksdva5 = 3
Kvota5 = 2.400000
teamID15 = 31
teamID25 = 10
parID6 = 6
keciksdva6 = 2
Kvota6 = 2.400000
teamID16 = 22
teamID26 = 28
parID7 = 7
keciksdva7 = 1
Kvota7 = 2.799999
teamID17 = 33
teamID27 = 40
parID8 = 8
keciksdva8 = 3
Kvota8 = 2.599999
teamID18 = 20
teamID28 = 5
parID9 = 9
keciksdva9 = 3
Kvota9 = 2.200000
teamID19 = 41
teamID29 = 8
