[Informacije]
Uplaceno = true
Zavrseno = true
Uplata = 0
Dobitak = 0.000000
Status = false
HourPobeda = 5.10.2015 16:30
parID0 = 0
keciksdva0 = 3
Kvota0 = 1.600000
teamID10 = 42
teamID20 = 0
parID1 = 1
keciksdva1 = 1
Kvota1 = 2.799998
teamID11 = 36
teamID21 = 39
parID2 = 2
keciksdva2 = 1
Kvota2 = 2.400000
teamID12 = 12
teamID22 = 44
parID3 = 3
keciksdva3 = 1
Kvota3 = 2.799998
teamID13 = 23
teamID23 = 32
parID4 = 4
keciksdva4 = 3
Kvota4 = 2.400000
teamID14 = 40
teamID24 = 18
parID5 = 5
keciksdva5 = 3
Kvota5 = 2.799998
teamID15 = 27
teamID25 = 9
parID6 = 6
keciksdva6 = 1
Kvota6 = 3.000000
teamID16 = 26
teamID26 = 16
parID7 = 8
keciksdva7 = 3
Kvota7 = 2.799998
teamID17 = 18
teamID27 = 5
parID8 = 9
keciksdva8 = 3
Kvota8 = 2.599997
teamID18 = 25
teamID28 = 2
parID9 = 7
keciksdva9 = 1
Kvota9 = 2.599997
teamID19 = 9
teamID29 = 25
