[Informacije]
Uplaceno = true
Zavrseno = false
Uplata = 200
Dobitak = 196245.500000
Status = false
HourPobeda = 3.10.2015 21:30
parID0 = 0
keciksdva0 = 1
Kvota0 = 2.400000
teamID10 = 22
teamID20 = 41
parID1 = 1
keciksdva1 = 3
Kvota1 = 3.000000
teamID11 = 34
teamID21 = 40
parID2 = 2
keciksdva2 = 1
Kvota2 = 2.599999
teamID12 = 14
teamID22 = 29
parID3 = 6
keciksdva3 = 1
Kvota3 = 2.400000
teamID13 = 45
teamID23 = 35
parID4 = 9
keciksdva4 = 1
Kvota4 = 2.799999
teamID14 = 13
teamID24 = 26
parID5 = 5
keciksdva5 = 1
Kvota5 = 2.599999
teamID15 = 44
teamID25 = 17
parID6 = 4
keciksdva6 = 1
Kvota6 = 3.000000
teamID16 = 7
teamID26 = 7
parID7 = -1
keciksdva7 = -1
Kvota7 = 0.000000
teamID17 = -1
teamID27 = -1
parID8 = -1
keciksdva8 = -1
Kvota8 = 0.000000
teamID18 = -1
teamID28 = -1
parID9 = -1
keciksdva9 = -1
Kvota9 = 0.000000
teamID19 = -1
teamID29 = -1
