[Informacije]
Uplaceno = true
Zavrseno = true
Uplata = 200
Dobitak = 23761.917968
Status = false
HourPobeda = 7.10.2015 02:30
parID0 = 2
keciksdva0 = 1
Kvota0 = 1.600000
teamID10 = 0
teamID20 = 42
parID1 = 7
keciksdva1 = 3
Kvota1 = 2.799998
teamID11 = 24
teamID21 = 3
parID2 = 5
keciksdva2 = 1
Kvota2 = 2.599997
teamID12 = 21
teamID22 = 16
parID3 = 8
keciksdva3 = 3
Kvota3 = 3.400000
teamID13 = 8
teamID23 = 44
parID4 = 4
keciksdva4 = 2
Kvota4 = 3.000000
teamID14 = 22
teamID24 = 26
parID5 = -1
keciksdva5 = -1
Kvota5 = 0.000000
teamID15 = -1
teamID25 = -1
parID6 = -1
keciksdva6 = -1
Kvota6 = 0.000000
teamID16 = -1
teamID26 = -1
parID7 = -1
keciksdva7 = -1
Kvota7 = 0.000000
teamID17 = -1
teamID27 = -1
parID8 = -1
keciksdva8 = -1
Kvota8 = 0.000000
teamID18 = -1
teamID28 = -1
parID9 = -1
keciksdva9 = -1
Kvota9 = 0.000000
teamID19 = -1
teamID29 = -1
