[Informacije]
Uplaceno = true
Zavrseno = true
Uplata = 200
Dobitak = 8985.600585
Status = false
HourPobeda = 9.10.2015 03:30
parID0 = 2
keciksdva0 = 3
Kvota0 = 2.400000
teamID10 = 45
teamID20 = 3
parID1 = 5
keciksdva1 = 1
Kvota1 = 2.400000
teamID11 = 2
teamID21 = 44
parID2 = 3
keciksdva2 = 2
Kvota2 = 2.599998
teamID12 = 23
teamID22 = 28
parID3 = 6
keciksdva3 = 1
Kvota3 = 3.000000
teamID13 = 15
teamID23 = 26
parID4 = -1
keciksdva4 = -1
Kvota4 = 0.000000
teamID14 = -1
teamID24 = -1
parID5 = -1
keciksdva5 = -1
Kvota5 = 0.000000
teamID15 = -1
teamID25 = -1
parID6 = -1
keciksdva6 = -1
Kvota6 = 0.000000
teamID16 = -1
teamID26 = -1
parID7 = -1
keciksdva7 = -1
Kvota7 = 0.000000
teamID17 = -1
teamID27 = -1
parID8 = -1
keciksdva8 = -1
Kvota8 = 0.000000
teamID18 = -1
teamID28 = -1
parID9 = -1
keciksdva9 = -1
Kvota9 = 0.000000
teamID19 = -1
teamID29 = -1
