[Informacije]
Uplaceno = true
Zavrseno = true
Uplata = 0
Dobitak = 0.000000
Status = false
HourPobeda = 6.10.2015 15:30
parID0 = 0
keciksdva0 = 1
Kvota0 = 2.400000
teamID10 = 5
teamID20 = 28
parID1 = 2
keciksdva1 = 3
Kvota1 = 2.400000
teamID11 = 14
teamID21 = 0
parID2 = 5
keciksdva2 = 3
Kvota2 = 1.799999
teamID12 = 35
teamID22 = 9
parID3 = 9
keciksdva3 = 3
Kvota3 = 2.400000
teamID13 = 31
teamID23 = 18
parID4 = 7
keciksdva4 = 1
Kvota4 = 2.599999
teamID14 = 9
teamID24 = 26
parID5 = 3
keciksdva5 = 1
Kvota5 = 2.599999
teamID15 = 22
teamID25 = 34
parID6 = 8
keciksdva6 = 1
Kvota6 = 3.799999
teamID16 = 41
teamID26 = 8
parID7 = -1
keciksdva7 = -1
Kvota7 = 0.000000
teamID17 = -1
teamID27 = -1
parID8 = -1
keciksdva8 = -1
Kvota8 = 0.000000
teamID18 = -1
teamID28 = -1
parID9 = -1
keciksdva9 = -1
Kvota9 = 0.000000
teamID19 = -1
teamID29 = -1
