[Informacije]
Uplaceno = true
Zavrseno = true
Uplata = 200
Dobitak = 44281.042968
Status = false
HourPobeda = 3.10.2015 22:30
parID0 = 0
keciksdva0 = 3
Kvota0 = 2.599997
teamID10 = 16
teamID20 = 21
parID1 = 1
keciksdva1 = 1
Kvota1 = 2.200000
teamID11 = 23
teamID21 = 43
parID2 = 2
keciksdva2 = 2
Kvota2 = 2.400000
teamID12 = 24
teamID22 = 19
parID3 = 6
keciksdva3 = 3
Kvota3 = 2.400000
teamID13 = 14
teamID23 = 7
parID4 = 8
keciksdva4 = 3
Kvota4 = 2.799998
teamID14 = 30
teamID24 = 15
parID5 = 9
keciksdva5 = 2
Kvota5 = 2.400000
teamID15 = 11
teamID25 = 18
parID6 = -1
keciksdva6 = -1
Kvota6 = 0.000000
teamID16 = -1
teamID26 = -1
parID7 = -1
keciksdva7 = -1
Kvota7 = 0.000000
teamID17 = -1
teamID27 = -1
parID8 = -1
keciksdva8 = -1
Kvota8 = 0.000000
teamID18 = -1
teamID28 = -1
parID9 = -1
keciksdva9 = -1
Kvota9 = 0.000000
teamID19 = -1
teamID29 = -1
