[Informacije]
Uplaceno = true
Zavrseno = true
Uplata = 200
Dobitak = 29203.199218
Status = false
HourPobeda = 6.10.2015 19:30
parID0 = 5
keciksdva0 = 1
Kvota0 = 2.599998
teamID10 = 6
teamID20 = 8
parID1 = 4
keciksdva1 = 1
Kvota1 = 2.400000
teamID11 = 2
teamID21 = 44
parID2 = 7
keciksdva2 = 3
Kvota2 = 3.000000
teamID12 = 9
teamID22 = 12
parID3 = 9
keciksdva3 = 3
Kvota3 = 2.599998
teamID13 = 27
teamID23 = 1
parID4 = 2
keciksdva4 = 1
Kvota4 = 3.000000
teamID14 = 22
teamID24 = 11
parID5 = -1
keciksdva5 = -1
Kvota5 = 0.000000
teamID15 = -1
teamID25 = -1
parID6 = -1
keciksdva6 = -1
Kvota6 = 0.000000
teamID16 = -1
teamID26 = -1
parID7 = -1
keciksdva7 = -1
Kvota7 = 0.000000
teamID17 = -1
teamID27 = -1
parID8 = -1
keciksdva8 = -1
Kvota8 = 0.000000
teamID18 = -1
teamID28 = -1
parID9 = -1
keciksdva9 = -1
Kvota9 = 0.000000
teamID19 = -1
teamID29 = -1
