[Informacije]
Uplaceno = true
Zavrseno = true
Uplata = 200
Dobitak = 95001.968750
Status = false
HourPobeda = 7.10.2015 22:30
parID0 = 9
keciksdva0 = 3
Kvota0 = 3.400000
teamID10 = 33
teamID20 = 43
parID1 = 8
keciksdva1 = 1
Kvota1 = 2.200000
teamID11 = 4
teamID21 = 40
parID2 = 4
keciksdva2 = 1
Kvota2 = 2.799998
teamID12 = 19
teamID22 = 39
parID3 = 1
keciksdva3 = 3
Kvota3 = 1.799998
teamID13 = 41
teamID23 = 0
parID4 = 5
keciksdva4 = 1
Kvota4 = 3.000000
teamID14 = 20
teamID24 = 16
parID5 = 7
keciksdva5 = 1
Kvota5 = 4.199995
teamID15 = 42
teamID25 = 5
parID6 = -1
keciksdva6 = -1
Kvota6 = 0.000000
teamID16 = -1
teamID26 = -1
parID7 = -1
keciksdva7 = -1
Kvota7 = 0.000000
teamID17 = -1
teamID27 = -1
parID8 = -1
keciksdva8 = -1
Kvota8 = 0.000000
teamID18 = -1
teamID28 = -1
parID9 = -1
keciksdva9 = -1
Kvota9 = 0.000000
teamID19 = -1
teamID29 = -1
