[Informacije]
Uplaceno = true
Zavrseno = true
Uplata = 200
Dobitak = 0.000000
Status = false
HourPobeda = 6.10.2015 16:30
parID0 = 6
keciksdva0 = 1
Kvota0 = 3.000000
teamID10 = 21
teamID20 = 3
parID1 = 5
keciksdva1 = 3
Kvota1 = 1.799998
teamID11 = 35
teamID21 = 9
parID2 = 7
keciksdva2 = 1
Kvota2 = 2.599997
teamID12 = 9
teamID22 = 26
parID3 = 0
keciksdva3 = 1
Kvota3 = 2.400000
teamID13 = 5
teamID23 = 28
parID4 = 2
keciksdva4 = 3
Kvota4 = 2.400000
teamID14 = 14
teamID24 = 0
parID5 = 1
keciksdva5 = 3
Kvota5 = 3.000000
teamID15 = 40
teamID25 = 31
parID6 = 4
keciksdva6 = 2
Kvota6 = 2.599997
teamID16 = 22
teamID26 = 31
parID7 = 9
keciksdva7 = 3
Kvota7 = 3.000000
teamID17 = 5
teamID27 = 12
parID8 = -1
keciksdva8 = -1
Kvota8 = 0.000000
teamID18 = -1
teamID28 = -1
parID9 = -1
keciksdva9 = -1
Kvota9 = 0.000000
teamID19 = -1
teamID29 = -1
