[Informacije]
Uplaceno = true
Zavrseno = true
Uplata = 200
Dobitak = 17791.488281
Status = false
HourPobeda = 3.10.2015 20:30
parID0 = 0
keciksdva0 = 3
Kvota0 = 3.599997
teamID10 = 5
teamID20 = 39
parID1 = 1
keciksdva1 = 3
Kvota1 = 2.400000
teamID11 = 39
teamID21 = 21
parID2 = 6
keciksdva2 = 1
Kvota2 = 2.200000
teamID12 = 9
teamID22 = 40
parID3 = 9
keciksdva3 = 1
Kvota3 = 1.799998
teamID13 = 6
teamID23 = 41
parID4 = 5
keciksdva4 = 1
Kvota4 = 2.599997
teamID14 = 12
teamID24 = 11
parID5 = -1
keciksdva5 = -1
Kvota5 = 0.000000
teamID15 = -1
teamID25 = -1
parID6 = -1
keciksdva6 = -1
Kvota6 = 0.000000
teamID16 = -1
teamID26 = -1
parID7 = -1
keciksdva7 = -1
Kvota7 = 0.000000
teamID17 = -1
teamID27 = -1
parID8 = -1
keciksdva8 = -1
Kvota8 = 0.000000
teamID18 = -1
teamID28 = -1
parID9 = -1
keciksdva9 = -1
Kvota9 = 0.000000
teamID19 = -1
teamID29 = -1
