[Informacije]
Uplaceno = true
Zavrseno = true
Uplata = 100
Dobitak = 34681.652343
Status = false
HourPobeda = 7.10.2015 17:30
parID0 = 0
keciksdva0 = 3
Kvota0 = 1.600000
teamID10 = 42
teamID20 = 0
parID1 = 1
keciksdva1 = 3
Kvota1 = 3.200000
teamID11 = 36
teamID21 = 39
parID2 = 2
keciksdva2 = 2
Kvota2 = 2.799999
teamID12 = 12
teamID22 = 44
parID3 = 4
keciksdva3 = 1
Kvota3 = 3.599999
teamID13 = 40
teamID23 = 18
parID4 = 8
keciksdva4 = 3
Kvota4 = 2.799999
teamID14 = 18
teamID24 = 5
parID5 = 5
keciksdva5 = 2
Kvota5 = 2.400000
teamID15 = 27
teamID25 = 9
parID6 = -1
keciksdva6 = -1
Kvota6 = 0.000000
teamID16 = -1
teamID26 = -1
parID7 = -1
keciksdva7 = -1
Kvota7 = 0.000000
teamID17 = -1
teamID27 = -1
parID8 = -1
keciksdva8 = -1
Kvota8 = 0.000000
teamID18 = -1
teamID28 = -1
parID9 = -1
keciksdva9 = -1
Kvota9 = 0.000000
teamID19 = -1
teamID29 = -1
