[Informacije]
Uplaceno = true
Zavrseno = true
Uplata = 300
Dobitak = 32707.580078
Status = false
HourPobeda = 7.10.2015 17:30
parID0 = 0
keciksdva0 = 3
Kvota0 = 1.600000
teamID10 = 42
teamID20 = 0
parID1 = 3
keciksdva1 = 1
Kvota1 = 2.799998
teamID11 = 23
teamID21 = 32
parID2 = 2
keciksdva2 = 3
Kvota2 = 3.599997
teamID12 = 12
teamID22 = 44
parID3 = 7
keciksdva3 = 1
Kvota3 = 2.599997
teamID13 = 9
teamID23 = 25
parID4 = 9
keciksdva4 = 3
Kvota4 = 2.599997
teamID14 = 25
teamID24 = 2
parID5 = -1
keciksdva5 = -1
Kvota5 = 0.000000
teamID15 = -1
teamID25 = -1
parID6 = -1
keciksdva6 = -1
Kvota6 = 0.000000
teamID16 = -1
teamID26 = -1
parID7 = -1
keciksdva7 = -1
Kvota7 = 0.000000
teamID17 = -1
teamID27 = -1
parID8 = -1
keciksdva8 = -1
Kvota8 = 0.000000
teamID18 = -1
teamID28 = -1
parID9 = -1
keciksdva9 = -1
Kvota9 = 0.000000
teamID19 = -1
teamID29 = -1
