[Informacije]
Uplaceno = true
Zavrseno = true
Uplata = 150
Dobitak = 0.000000
Status = false
HourPobeda = 9.10.2015 01:30
parID0 = 1
keciksdva0 = 1
Kvota0 = 3.400000
teamID10 = 43
teamID20 = 30
parID1 = 2
keciksdva1 = 3
Kvota1 = 3.000000
teamID11 = 23
teamID21 = 13
parID2 = 4
keciksdva2 = 3
Kvota2 = 2.799998
teamID12 = 15
teamID22 = 24
parID3 = 5
keciksdva3 = 3
Kvota3 = 2.799998
teamID13 = 45
teamID23 = 14
parID4 = 6
keciksdva4 = 1
Kvota4 = 3.000000
teamID14 = 7
teamID24 = 7
parID5 = 7
keciksdva5 = 1
Kvota5 = 2.599997
teamID15 = 2
teamID25 = 20
parID6 = 8
keciksdva6 = 1
Kvota6 = 2.200000
teamID16 = 12
teamID26 = 29
parID7 = 9
keciksdva7 = 3
Kvota7 = 2.799998
teamID17 = 26
teamID27 = 27
parID8 = 0
keciksdva8 = 1
Kvota8 = 3.000000
teamID18 = 41
teamID28 = 41
parID9 = -1
keciksdva9 = -1
Kvota9 = 0.000000
teamID19 = -1
teamID29 = -1
