[Informacije]
Uplaceno = true
Zavrseno = false
Uplata = 200
Dobitak = 4950.399902
Status = false
HourPobeda = 9.10.2015 05:30
parID0 = 2
keciksdva0 = 1
Kvota0 = 2.799999
teamID10 = 37
teamID20 = 31
parID1 = 0
keciksdva1 = 2
Kvota1 = 2.599999
teamID11 = 38
teamID21 = 18
parID2 = 5
keciksdva2 = 3
Kvota2 = 3.400000
teamID12 = 13
teamID22 = 39
parID3 = -1
keciksdva3 = -1
Kvota3 = 0.000000
teamID13 = -1
teamID23 = -1
parID4 = -1
keciksdva4 = -1
Kvota4 = 0.000000
teamID14 = -1
teamID24 = -1
parID5 = -1
keciksdva5 = -1
Kvota5 = 0.000000
teamID15 = -1
teamID25 = -1
parID6 = -1
keciksdva6 = -1
Kvota6 = 0.000000
teamID16 = -1
teamID26 = -1
parID7 = -1
keciksdva7 = -1
Kvota7 = 0.000000
teamID17 = -1
teamID27 = -1
parID8 = -1
keciksdva8 = -1
Kvota8 = 0.000000
teamID18 = -1
teamID28 = -1
parID9 = -1
keciksdva9 = -1
Kvota9 = 0.000000
teamID19 = -1
teamID29 = -1
