[Informacije]
Uplaceno = true
Zavrseno = true
Uplata = 200
Dobitak = 9085.440429
Status = true
HourPobeda = 3.10.2015 20:30
parID0 = 0
keciksdva0 = 1
Kvota0 = 2.400000
teamID10 = 5
teamID20 = 39
parID1 = 2
keciksdva1 = 1
Kvota1 = 2.799998
teamID11 = 13
teamID21 = 36
parID2 = 5
keciksdva2 = 1
Kvota2 = 2.599997
teamID12 = 12
teamID22 = 11
parID3 = 7
keciksdva3 = 3
Kvota3 = 2.599997
teamID13 = 15
teamID23 = 2
parID4 = -1
keciksdva4 = -1
Kvota4 = 0.000000
teamID14 = -1
teamID24 = -1
parID5 = -1
keciksdva5 = -1
Kvota5 = 0.000000
teamID15 = -1
teamID25 = -1
parID6 = -1
keciksdva6 = -1
Kvota6 = 0.000000
teamID16 = -1
teamID26 = -1
parID7 = -1
keciksdva7 = -1
Kvota7 = 0.000000
teamID17 = -1
teamID27 = -1
parID8 = -1
keciksdva8 = -1
Kvota8 = 0.000000
teamID18 = -1
teamID28 = -1
parID9 = -1
keciksdva9 = -1
Kvota9 = 0.000000
teamID19 = -1
teamID29 = -1
