[Informacije]
Uplaceno = true
Zavrseno = false
Uplata = 200
Dobitak = 28828.798828
Status = false
HourPobeda = 9.10.2015 01:30
parID0 = 0
keciksdva0 = 1
Kvota0 = 3.000000
teamID10 = 41
teamID20 = 41
parID1 = 2
keciksdva1 = 1
Kvota1 = 3.000000
teamID11 = 23
teamID21 = 13
parID2 = 5
keciksdva2 = 3
Kvota2 = 2.799999
teamID12 = 45
teamID22 = 14
parID3 = 8
keciksdva3 = 1
Kvota3 = 2.200000
teamID13 = 12
teamID23 = 29
parID4 = 7
keciksdva4 = 1
Kvota4 = 2.599999
teamID14 = 2
teamID24 = 20
parID5 = -1
keciksdva5 = -1
Kvota5 = 0.000000
teamID15 = -1
teamID25 = -1
parID6 = -1
keciksdva6 = -1
Kvota6 = 0.000000
teamID16 = -1
teamID26 = -1
parID7 = -1
keciksdva7 = -1
Kvota7 = 0.000000
teamID17 = -1
teamID27 = -1
parID8 = -1
keciksdva8 = -1
Kvota8 = 0.000000
teamID18 = -1
teamID28 = -1
parID9 = -1
keciksdva9 = -1
Kvota9 = 0.000000
teamID19 = -1
teamID29 = -1
