[Informacije]
Uplaceno = true
Zavrseno = true
Uplata = 200
Dobitak = 92990.187500
Status = false
HourPobeda = 3.10.2015 20:30
parID0 = 0
keciksdva0 = 1
Kvota0 = 2.400000
teamID10 = 5
teamID20 = 39
parID1 = 1
keciksdva1 = 3
Kvota1 = 2.400000
teamID11 = 39
teamID21 = 21
parID2 = 2
keciksdva2 = 1
Kvota2 = 2.799998
teamID12 = 13
teamID22 = 36
parID3 = 4
keciksdva3 = 1
Kvota3 = 2.799998
teamID13 = 10
teamID23 = 32
parID4 = 5
keciksdva4 = 1
Kvota4 = 2.599998
teamID14 = 12
teamID24 = 11
parID5 = 6
keciksdva5 = 1
Kvota5 = 2.200000
teamID15 = 9
teamID25 = 40
parID6 = 9
keciksdva6 = 1
Kvota6 = 1.799998
teamID16 = 6
teamID26 = 41
parID7 = -1
keciksdva7 = -1
Kvota7 = 0.000000
teamID17 = -1
teamID27 = -1
parID8 = -1
keciksdva8 = -1
Kvota8 = 0.000000
teamID18 = -1
teamID28 = -1
parID9 = -1
keciksdva9 = -1
Kvota9 = 0.000000
teamID19 = -1
teamID29 = -1
