[Informacije]
Uplaceno = true
Zavrseno = true
Uplata = 200
Dobitak = 5990.400390
Status = false
HourPobeda = 4.10.2015 14:30
parID0 = 7
keciksdva0 = 3
Kvota0 = 2.400000
teamID10 = 44
teamID20 = 2
parID1 = 0
keciksdva1 = 2
Kvota1 = 2.599998
teamID11 = 45
teamID21 = 27
parID2 = 8
keciksdva2 = 3
Kvota2 = 2.000000
teamID12 = 43
teamID22 = 5
parID3 = 3
keciksdva3 = 3
Kvota3 = 2.400000
teamID13 = 38
teamID23 = 3
parID4 = -1
keciksdva4 = -1
Kvota4 = 0.000000
teamID14 = -1
teamID24 = -1
parID5 = -1
keciksdva5 = -1
Kvota5 = 0.000000
teamID15 = -1
teamID25 = -1
parID6 = -1
keciksdva6 = -1
Kvota6 = 0.000000
teamID16 = -1
teamID26 = -1
parID7 = -1
keciksdva7 = -1
Kvota7 = 0.000000
teamID17 = -1
teamID27 = -1
parID8 = -1
keciksdva8 = -1
Kvota8 = 0.000000
teamID18 = -1
teamID28 = -1
parID9 = -1
keciksdva9 = -1
Kvota9 = 0.000000
teamID19 = -1
teamID29 = -1
