[Informacije]
Uplaceno = true
Zavrseno = true
Uplata = 200
Dobitak = 20247.550781
Status = false
HourPobeda = 6.10.2015 04:30
parID0 = 0
keciksdva0 = 2
Kvota0 = 2.400000
teamID10 = 23
teamID20 = 12
parID1 = 1
keciksdva1 = 3
Kvota1 = 2.599997
teamID11 = 20
teamID21 = 5
parID2 = 3
keciksdva2 = 2
Kvota2 = 2.400000
teamID12 = 18
teamID22 = 22
parID3 = 6
keciksdva3 = 1
Kvota3 = 2.599997
teamID13 = 27
teamID23 = 38
parID4 = 8
keciksdva4 = 2
Kvota4 = 2.599997
teamID14 = 12
teamID24 = 14
parID5 = -1
keciksdva5 = -1
Kvota5 = 0.000000
teamID15 = -1
teamID25 = -1
parID6 = -1
keciksdva6 = -1
Kvota6 = 0.000000
teamID16 = -1
teamID26 = -1
parID7 = -1
keciksdva7 = -1
Kvota7 = 0.000000
teamID17 = -1
teamID27 = -1
parID8 = -1
keciksdva8 = -1
Kvota8 = 0.000000
teamID18 = -1
teamID28 = -1
parID9 = -1
keciksdva9 = -1
Kvota9 = 0.000000
teamID19 = -1
teamID29 = -1
