[Informacije]
Uplaceno = true
Zavrseno = true
Uplata = 200
Dobitak = 7188.480957
Status = false
HourPobeda = 9.10.2015 13:30
parID0 = 6
keciksdva0 = 2
Kvota0 = 2.400000
teamID10 = 2
teamID20 = 6
parID1 = 8
keciksdva1 = 1
Kvota1 = 2.400000
teamID11 = 12
teamID21 = 38
parID2 = 2
keciksdva2 = 1
Kvota2 = 2.599999
teamID12 = 24
teamID22 = 37
parID3 = 0
keciksdva3 = 2
Kvota3 = 2.400000
teamID13 = 7
teamID23 = 5
parID4 = -1
keciksdva4 = -1
Kvota4 = 0.000000
teamID14 = -1
teamID24 = -1
parID5 = -1
keciksdva5 = -1
Kvota5 = 0.000000
teamID15 = -1
teamID25 = -1
parID6 = -1
keciksdva6 = -1
Kvota6 = 0.000000
teamID16 = -1
teamID26 = -1
parID7 = -1
keciksdva7 = -1
Kvota7 = 0.000000
teamID17 = -1
teamID27 = -1
parID8 = -1
keciksdva8 = -1
Kvota8 = 0.000000
teamID18 = -1
teamID28 = -1
parID9 = -1
keciksdva9 = -1
Kvota9 = 0.000000
teamID19 = -1
teamID29 = -1
