[Informacije]
Uplaceno = true
Zavrseno = true
Uplata = 200
Dobitak = 43610.109375
Status = false
HourPobeda = 4.10.2015 -01:30
parID0 = 0
keciksdva0 = 3
Kvota0 = 2.599998
teamID10 = 16
teamID20 = 21
parID1 = 9
keciksdva1 = 1
Kvota1 = 3.200000
teamID11 = 11
teamID21 = 18
parID2 = 7
keciksdva2 = 1
Kvota2 = 2.599998
teamID12 = 2
teamID22 = 26
parID3 = 4
keciksdva3 = 3
Kvota3 = 3.599998
teamID13 = 6
teamID23 = 36
parID4 = 2
keciksdva4 = 1
Kvota4 = 2.799998
teamID14 = 24
teamID24 = 19
parID5 = -1
keciksdva5 = -1
Kvota5 = 0.000000
teamID15 = -1
teamID25 = -1
parID6 = -1
keciksdva6 = -1
Kvota6 = 0.000000
teamID16 = -1
teamID26 = -1
parID7 = -1
keciksdva7 = -1
Kvota7 = 0.000000
teamID17 = -1
teamID27 = -1
parID8 = -1
keciksdva8 = -1
Kvota8 = 0.000000
teamID18 = -1
teamID28 = -1
parID9 = -1
keciksdva9 = -1
Kvota9 = 0.000000
teamID19 = -1
teamID29 = -1
