[Informacije]
Uplaceno = true
Zavrseno = true
Uplata = 200
Dobitak = 2782266.500000
Status = false
HourPobeda = 8.10.2015 18:30
parID0 = 0
keciksdva0 = 1
Kvota0 = 2.200000
teamID10 = 5
teamID20 = 34
parID1 = 1
keciksdva1 = 1
Kvota1 = 2.200000
teamID11 = 24
teamID21 = 43
parID2 = 2
keciksdva2 = 3
Kvota2 = 2.400000
teamID12 = 33
teamID22 = 12
parID3 = 3
keciksdva3 = 2
Kvota3 = 2.799998
teamID13 = 39
teamID23 = 9
parID4 = 4
keciksdva4 = 1
Kvota4 = 2.400000
teamID14 = 8
teamID24 = 40
parID5 = 5
keciksdva5 = 1
Kvota5 = 2.400000
teamID15 = 3
teamID25 = 30
parID6 = 6
keciksdva6 = 2
Kvota6 = 2.799998
teamID16 = 42
teamID26 = 28
parID7 = 7
keciksdva7 = 1
Kvota7 = 2.599998
teamID17 = 9
teamID27 = 20
parID8 = 8
keciksdva8 = 2
Kvota8 = 3.000000
teamID18 = 12
teamID28 = 21
parID9 = 9
keciksdva9 = 3
Kvota9 = 3.400000
teamID19 = 45
teamID29 = 17
