[Informacije]
Uplaceno = true
Zavrseno = false
Uplata = 200
Dobitak = 71442.429687
Status = false
HourPobeda = 9.10.2015 14:30
parID0 = 4
keciksdva0 = 1
Kvota0 = 3.200000
teamID10 = 13
teamID20 = 21
parID1 = 8
keciksdva1 = 1
Kvota1 = 3.400000
teamID11 = 20
teamID21 = 5
parID2 = 9
keciksdva2 = 1
Kvota2 = 3.799999
teamID12 = 41
teamID22 = 8
parID3 = 5
keciksdva3 = 1
Kvota3 = 3.599999
teamID13 = 31
teamID23 = 10
parID4 = 2
keciksdva4 = 1
Kvota4 = 2.400000
teamID14 = 6
teamID24 = 25
parID5 = -1
keciksdva5 = -1
Kvota5 = 0.000000
teamID15 = -1
teamID25 = -1
parID6 = -1
keciksdva6 = -1
Kvota6 = 0.000000
teamID16 = -1
teamID26 = -1
parID7 = -1
keciksdva7 = -1
Kvota7 = 0.000000
teamID17 = -1
teamID27 = -1
parID8 = -1
keciksdva8 = -1
Kvota8 = 0.000000
teamID18 = -1
teamID28 = -1
parID9 = -1
keciksdva9 = -1
Kvota9 = 0.000000
teamID19 = -1
teamID29 = -1
