[Informacije]
Uplaceno = true
Zavrseno = false
Uplata = 200
Dobitak = 260497.734375
Status = false
HourPobeda = 3.10.2015 22:30
parID0 = 0
keciksdva0 = 3
Kvota0 = 2.599999
teamID10 = 16
teamID20 = 21
parID1 = 2
keciksdva1 = 1
Kvota1 = 2.799999
teamID11 = 24
teamID21 = 19
parID2 = 3
keciksdva2 = 1
Kvota2 = 3.200000
teamID12 = 32
teamID22 = 8
parID3 = 7
keciksdva3 = 1
Kvota3 = 2.599999
teamID13 = 2
teamID23 = 26
parID4 = 9
keciksdva4 = 1
Kvota4 = 3.200000
teamID14 = 11
teamID24 = 18
parID5 = 6
keciksdva5 = 3
Kvota5 = 2.400000
teamID15 = 14
teamID25 = 7
parID6 = 8
keciksdva6 = 3
Kvota6 = 2.799999
teamID16 = 30
teamID26 = 15
parID7 = -1
keciksdva7 = -1
Kvota7 = 0.000000
teamID17 = -1
teamID27 = -1
parID8 = -1
keciksdva8 = -1
Kvota8 = 0.000000
teamID18 = -1
teamID28 = -1
parID9 = -1
keciksdva9 = -1
Kvota9 = 0.000000
teamID19 = -1
teamID29 = -1
