[Informacije]
Uplaceno = true
Zavrseno = false
Uplata = 200
Dobitak = 18450.433593
Status = false
HourPobeda = 7.10.2015 14:30
parID0 = 1
keciksdva0 = 3
Kvota0 = 2.400000
teamID10 = 19
teamID20 = 6
parID1 = 5
keciksdva1 = 1
Kvota1 = 2.599999
teamID11 = 4
teamID21 = 11
parID2 = 6
keciksdva2 = 3
Kvota2 = 2.200000
teamID12 = 34
teamID22 = 5
parID3 = 8
keciksdva3 = 3
Kvota3 = 2.799999
teamID13 = 37
teamID23 = 22
parID4 = 9
keciksdva4 = 1
Kvota4 = 2.400000
teamID14 = 20
teamID24 = 17
parID5 = -1
keciksdva5 = -1
Kvota5 = 0.000000
teamID15 = -1
teamID25 = -1
parID6 = -1
keciksdva6 = -1
Kvota6 = 0.000000
teamID16 = -1
teamID26 = -1
parID7 = -1
keciksdva7 = -1
Kvota7 = 0.000000
teamID17 = -1
teamID27 = -1
parID8 = -1
keciksdva8 = -1
Kvota8 = 0.000000
teamID18 = -1
teamID28 = -1
parID9 = -1
keciksdva9 = -1
Kvota9 = 0.000000
teamID19 = -1
teamID29 = -1
