[Informacije]
Uplaceno = true
Zavrseno = true
Uplata = 200
Dobitak = 0.000000
Status = false
HourPobeda = 5.10.2015 16:30
parID0 = 0
keciksdva0 = 3
Kvota0 = 2.400000
teamID10 = 14
teamID20 = 6
parID1 = 1
keciksdva1 = 2
Kvota1 = 2.599997
teamID11 = 7
teamID21 = 18
parID2 = 2
keciksdva2 = 3
Kvota2 = 3.000000
teamID12 = 9
teamID22 = 3
parID3 = 3
keciksdva3 = 1
Kvota3 = 2.400000
teamID13 = 6
teamID23 = 11
parID4 = 4
keciksdva4 = 1
Kvota4 = 3.000000
teamID14 = 16
teamID24 = 16
parID5 = 5
keciksdva5 = 3
Kvota5 = 3.000000
teamID15 = 35
teamID25 = 42
parID6 = 6
keciksdva6 = 1
Kvota6 = 2.200000
teamID16 = 1
teamID26 = 28
parID7 = 8
keciksdva7 = 3
Kvota7 = 2.799998
teamID17 = 40
teamID27 = 44
parID8 = 9
keciksdva8 = 2
Kvota8 = 2.400000
teamID18 = 45
teamID28 = 31
parID9 = -1
keciksdva9 = -1
Kvota9 = 0.000000
teamID19 = -1
teamID29 = -1
