[Informacije]
Uplaceno = true
Zavrseno = true
Uplata = 300
Dobitak = 114391872.000000
Status = false
HourPobeda = 7.10.2015 23:30
parID0 = 0
keciksdva0 = 1
Kvota0 = 3.599999
teamID10 = 28
teamID20 = 12
parID1 = 1
keciksdva1 = 1
Kvota1 = 3.599999
teamID11 = 25
teamID21 = 6
parID2 = 2
keciksdva2 = 1
Kvota2 = 3.799999
teamID12 = 45
teamID22 = 1
parID3 = 3
keciksdva3 = 1
Kvota3 = 4.000000
teamID13 = 43
teamID23 = 9
parID4 = 4
keciksdva4 = 3
Kvota4 = 3.599999
teamID14 = 5
teamID24 = 39
parID5 = 5
keciksdva5 = 3
Kvota5 = 3.599999
teamID15 = 1
teamID25 = 20
parID6 = 6
keciksdva6 = 1
Kvota6 = 3.400000
teamID16 = 38
teamID26 = 13
parID7 = 7
keciksdva7 = 1
Kvota7 = 3.400000
teamID17 = 19
teamID27 = 2
parID8 = 8
keciksdva8 = 3
Kvota8 = 3.400000
teamID18 = 4
teamID28 = 36
parID9 = 9
keciksdva9 = 1
Kvota9 = 3.799999
teamID19 = 40
teamID29 = 3
