[Informacije]
Uplaceno = true
Zavrseno = false
Uplata = 200
Dobitak = 186856.281250
Status = false
HourPobeda = 6.10.2015 12:30
parID0 = 0
keciksdva0 = 3
Kvota0 = 2.400000
teamID10 = 17
teamID20 = 36
parID1 = 3
keciksdva1 = 3
Kvota1 = 2.200000
teamID11 = 39
teamID21 = 0
parID2 = 6
keciksdva2 = 1
Kvota2 = 3.200000
teamID12 = 38
teamID22 = 22
parID3 = 9
keciksdva3 = 1
Kvota3 = 2.000000
teamID13 = 6
teamID23 = 31
parID4 = 7
keciksdva4 = 2
Kvota4 = 2.400000
teamID14 = 2
teamID24 = 1
parID5 = 4
keciksdva5 = 3
Kvota5 = 3.200000
teamID15 = 36
teamID25 = 38
parID6 = 8
keciksdva6 = 3
Kvota6 = 3.599999
teamID16 = 9
teamID26 = 30
parID7 = -1
keciksdva7 = -1
Kvota7 = 0.000000
teamID17 = -1
teamID27 = -1
parID8 = -1
keciksdva8 = -1
Kvota8 = 0.000000
teamID18 = -1
teamID28 = -1
parID9 = -1
keciksdva9 = -1
Kvota9 = 0.000000
teamID19 = -1
teamID29 = -1
