[Informacije]
Uplaceno = true
Zavrseno = true
Uplata = 0
Dobitak = 0.000000
Status = false
HourPobeda = 4.10.2015 09:30
parID0 = 0
keciksdva0 = 3
Kvota0 = 2.599997
teamID10 = 38
teamID20 = 24
parID1 = 2
keciksdva1 = 3
Kvota1 = 2.599997
teamID11 = 26
teamID21 = 3
parID2 = 5
keciksdva2 = 3
Kvota2 = 2.400000
teamID12 = 30
teamID22 = 4
parID3 = 7
keciksdva3 = 1
Kvota3 = 2.000000
teamID13 = 24
teamID23 = 42
parID4 = -1
keciksdva4 = -1
Kvota4 = 0.000000
teamID14 = -1
teamID24 = -1
parID5 = -1
keciksdva5 = -1
Kvota5 = 0.000000
teamID15 = -1
teamID25 = -1
parID6 = -1
keciksdva6 = -1
Kvota6 = 0.000000
teamID16 = -1
teamID26 = -1
parID7 = -1
keciksdva7 = -1
Kvota7 = 0.000000
teamID17 = -1
teamID27 = -1
parID8 = -1
keciksdva8 = -1
Kvota8 = 0.000000
teamID18 = -1
teamID28 = -1
parID9 = -1
keciksdva9 = -1
Kvota9 = 0.000000
teamID19 = -1
teamID29 = -1
