[Informacije]
Uplaceno = true
Zavrseno = true
Uplata = 200
Dobitak = 64342.218750
Status = false
HourPobeda = 4.10.2015 16:30
parID0 = 2
keciksdva0 = 1
Kvota0 = 2.200000
teamID10 = 5
teamID20 = 40
parID1 = 1
keciksdva1 = 1
Kvota1 = 2.599998
teamID11 = 10
teamID21 = 39
parID2 = 7
keciksdva2 = 1
Kvota2 = 3.200000
teamID12 = 22
teamID22 = 23
parID3 = 8
keciksdva3 = 1
Kvota3 = 2.599998
teamID13 = 6
teamID23 = 24
parID4 = 6
keciksdva4 = 3
Kvota4 = 2.599998
teamID14 = 20
teamID24 = 4
parID5 = 5
keciksdva5 = 3
Kvota5 = 2.599998
teamID15 = 16
teamID25 = 9
parID6 = -1
keciksdva6 = -1
Kvota6 = 0.000000
teamID16 = -1
teamID26 = -1
parID7 = -1
keciksdva7 = -1
Kvota7 = 0.000000
teamID17 = -1
teamID27 = -1
parID8 = -1
keciksdva8 = -1
Kvota8 = 0.000000
teamID18 = -1
teamID28 = -1
parID9 = -1
keciksdva9 = -1
Kvota9 = 0.000000
teamID19 = -1
teamID29 = -1
