[Informacije]
Uplaceno = true
Zavrseno = true
Uplata = 200
Dobitak = 8087.039550
Status = false
HourPobeda = 5.10.2015 13:30
parID0 = 0
keciksdva0 = 1
Kvota0 = 2.599997
teamID10 = 1
teamID20 = 23
parID1 = 1
keciksdva1 = 1
Kvota1 = 2.400000
teamID11 = 20
teamID21 = 43
parID2 = 4
keciksdva2 = 1
Kvota2 = 3.599997
teamID12 = 45
teamID22 = 9
parID3 = 5
keciksdva3 = 3
Kvota3 = 1.799998
teamID13 = 35
teamID23 = 21
parID4 = -1
keciksdva4 = -1
Kvota4 = 0.000000
teamID14 = -1
teamID24 = -1
parID5 = -1
keciksdva5 = -1
Kvota5 = 0.000000
teamID15 = -1
teamID25 = -1
parID6 = -1
keciksdva6 = -1
Kvota6 = 0.000000
teamID16 = -1
teamID26 = -1
parID7 = -1
keciksdva7 = -1
Kvota7 = 0.000000
teamID17 = -1
teamID27 = -1
parID8 = -1
keciksdva8 = -1
Kvota8 = 0.000000
teamID18 = -1
teamID28 = -1
parID9 = -1
keciksdva9 = -1
Kvota9 = 0.000000
teamID19 = -1
teamID29 = -1
