[Informacije]
Uplaceno = true
Zavrseno = true
Uplata = 200
Dobitak = 7687.679687
Status = false
HourPobeda = 8.10.2015 14:30
parID0 = 8
keciksdva0 = 3
Kvota0 = 2.200000
teamID10 = 41
teamID20 = 10
parID1 = 5
keciksdva1 = 1
Kvota1 = 2.400000
teamID11 = 21
teamID21 = 44
parID2 = 3
keciksdva2 = 3
Kvota2 = 2.599998
teamID12 = 14
teamID22 = 12
parID3 = 2
keciksdva3 = 1
Kvota3 = 2.799998
teamID13 = 20
teamID23 = 45
parID4 = -1
keciksdva4 = -1
Kvota4 = 0.000000
teamID14 = -1
teamID24 = -1
parID5 = -1
keciksdva5 = -1
Kvota5 = 0.000000
teamID15 = -1
teamID25 = -1
parID6 = -1
keciksdva6 = -1
Kvota6 = 0.000000
teamID16 = -1
teamID26 = -1
parID7 = -1
keciksdva7 = -1
Kvota7 = 0.000000
teamID17 = -1
teamID27 = -1
parID8 = -1
keciksdva8 = -1
Kvota8 = 0.000000
teamID18 = -1
teamID28 = -1
parID9 = -1
keciksdva9 = -1
Kvota9 = 0.000000
teamID19 = -1
teamID29 = -1
