[Informacije]
Uplaceno = true
Zavrseno = false
Uplata = 200
Dobitak = 13381.633789
Status = false
HourPobeda = 8.10.2015 18:30
parID0 = 0
keciksdva0 = 1
Kvota0 = 2.200000
teamID10 = 5
teamID20 = 34
parID1 = 1
keciksdva1 = 1
Kvota1 = 2.200000
teamID11 = 24
teamID21 = 43
parID2 = 2
keciksdva2 = 3
Kvota2 = 2.400000
teamID12 = 33
teamID22 = 12
parID3 = 3
keciksdva3 = 3
Kvota3 = 2.400000
teamID13 = 39
teamID23 = 9
parID4 = 5
keciksdva4 = 1
Kvota4 = 2.400000
teamID14 = 3
teamID24 = 30
parID5 = -1
keciksdva5 = -1
Kvota5 = 0.000000
teamID15 = -1
teamID25 = -1
parID6 = -1
keciksdva6 = -1
Kvota6 = 0.000000
teamID16 = -1
teamID26 = -1
parID7 = -1
keciksdva7 = -1
Kvota7 = 0.000000
teamID17 = -1
teamID27 = -1
parID8 = -1
keciksdva8 = -1
Kvota8 = 0.000000
teamID18 = -1
teamID28 = -1
parID9 = -1
keciksdva9 = -1
Kvota9 = 0.000000
teamID19 = -1
teamID29 = -1
