[Informacije]
Uplaceno = true
Zavrseno = true
Uplata = 250
Dobitak = 10191.999023
Status = false
HourPobeda = 7.10.2015 09:30
parID0 = 3
keciksdva0 = 1
Kvota0 = 2.799998
teamID10 = 12
teamID20 = 27
parID1 = 7
keciksdva1 = 1
Kvota1 = 2.000000
teamID11 = 4
teamID21 = 17
parID2 = 1
keciksdva2 = 3
Kvota2 = 2.599998
teamID12 = 20
teamID22 = 9
parID3 = 0
keciksdva3 = 3
Kvota3 = 2.799998
teamID13 = 31
teamID23 = 37
parID4 = -1
keciksdva4 = -1
Kvota4 = 0.000000
teamID14 = -1
teamID24 = -1
parID5 = -1
keciksdva5 = -1
Kvota5 = 0.000000
teamID15 = -1
teamID25 = -1
parID6 = -1
keciksdva6 = -1
Kvota6 = 0.000000
teamID16 = -1
teamID26 = -1
parID7 = -1
keciksdva7 = -1
Kvota7 = 0.000000
teamID17 = -1
teamID27 = -1
parID8 = -1
keciksdva8 = -1
Kvota8 = 0.000000
teamID18 = -1
teamID28 = -1
parID9 = -1
keciksdva9 = -1
Kvota9 = 0.000000
teamID19 = -1
teamID29 = -1
