[Informacije]
Uplaceno = true
Zavrseno = true
Uplata = 200
Dobitak = 21805.056640
Status = false
HourPobeda = 4.10.2015 -01:30
parID0 = 0
keciksdva0 = 3
Kvota0 = 2.599997
teamID10 = 16
teamID20 = 21
parID1 = 4
keciksdva1 = 1
Kvota1 = 2.400000
teamID11 = 6
teamID21 = 36
parID2 = 6
keciksdva2 = 3
Kvota2 = 2.400000
teamID12 = 14
teamID22 = 7
parID3 = 7
keciksdva3 = 1
Kvota3 = 2.599997
teamID13 = 2
teamID23 = 26
parID4 = 2
keciksdva4 = 1
Kvota4 = 2.799998
teamID14 = 24
teamID24 = 19
parID5 = -1
keciksdva5 = -1
Kvota5 = 0.000000
teamID15 = -1
teamID25 = -1
parID6 = -1
keciksdva6 = -1
Kvota6 = 0.000000
teamID16 = -1
teamID26 = -1
parID7 = -1
keciksdva7 = -1
Kvota7 = 0.000000
teamID17 = -1
teamID27 = -1
parID8 = -1
keciksdva8 = -1
Kvota8 = 0.000000
teamID18 = -1
teamID28 = -1
parID9 = -1
keciksdva9 = -1
Kvota9 = 0.000000
teamID19 = -1
teamID29 = -1
