[Informacije]
Uplaceno = true
Zavrseno = true
Uplata = 200
Dobitak = 2408888.750000
Status = false
HourPobeda = 8.10.2015 00:30
parID0 = 0
keciksdva0 = 3
Kvota0 = 3.200000
teamID10 = 39
teamID20 = 31
parID1 = 1
keciksdva1 = 1
Kvota1 = 2.599997
teamID11 = 3
teamID21 = 19
parID2 = 2
keciksdva2 = 1
Kvota2 = 2.000000
teamID12 = 1
teamID22 = 29
parID3 = 3
keciksdva3 = 3
Kvota3 = 2.200000
teamID13 = 42
teamID23 = 15
parID4 = 4
keciksdva4 = 3
Kvota4 = 2.799998
teamID14 = 16
teamID24 = 23
parID5 = 5
keciksdva5 = 1
Kvota5 = 2.000000
teamID15 = 24
teamID25 = 35
parID6 = 6
keciksdva6 = 3
Kvota6 = 2.400000
teamID16 = 11
teamID26 = 0
parID7 = 7
keciksdva7 = 1
Kvota7 = 3.000000
teamID17 = 44
teamID27 = 30
parID8 = 8
keciksdva8 = 3
Kvota8 = 3.400000
teamID18 = 45
teamID28 = 43
parID9 = 9
keciksdva9 = 3
Kvota9 = 2.400000
teamID19 = 26
teamID29 = 7
