[Informacije]
Uplaceno = true
Zavrseno = false
Uplata = 20
Dobitak = 940471.187500
Status = false
HourPobeda = 3.10.2015 22:30
parID0 = 0
keciksdva0 = 2
Kvota0 = 2.599999
teamID10 = 16
teamID20 = 21
parID1 = 1
keciksdva1 = 2
Kvota1 = 3.000000
teamID11 = 23
teamID21 = 43
parID2 = 2
keciksdva2 = 3
Kvota2 = 3.200000
teamID12 = 24
teamID22 = 19
parID3 = 3
keciksdva3 = 1
Kvota3 = 3.200000
teamID13 = 32
teamID23 = 8
parID4 = 4
keciksdva4 = 3
Kvota4 = 3.599999
teamID14 = 6
teamID24 = 36
parID5 = 5
keciksdva5 = 1
Kvota5 = 2.599999
teamID15 = 25
teamID25 = 40
parID6 = 6
keciksdva6 = 1
Kvota6 = 3.599999
teamID16 = 14
teamID26 = 7
parID7 = 7
keciksdva7 = 2
Kvota7 = 2.599999
teamID17 = 2
teamID27 = 26
parID8 = 8
keciksdva8 = 2
Kvota8 = 2.400000
teamID18 = 30
teamID28 = 15
parID9 = 9
keciksdva9 = 3
Kvota9 = 2.799999
teamID19 = 11
teamID29 = 18
