[Informacije]
Uplaceno = true
Zavrseno = true
Uplata = 200
Dobitak = 3324398.750000
Status = false
HourPobeda = 8.10.2015 12:30
parID0 = 0
keciksdva0 = 1
Kvota0 = 2.599997
teamID10 = 27
teamID20 = 38
parID1 = 1
keciksdva1 = 3
Kvota1 = 3.000000
teamID11 = 32
teamID21 = 11
parID2 = 2
keciksdva2 = 3
Kvota2 = 2.200000
teamID12 = 34
teamID22 = 2
parID3 = 3
keciksdva3 = 1
Kvota3 = 2.799998
teamID13 = 22
teamID23 = 45
parID4 = 4
keciksdva4 = 3
Kvota4 = 3.000000
teamID14 = 19
teamID24 = 20
parID5 = 5
keciksdva5 = 3
Kvota5 = 2.799998
teamID15 = 8
teamID25 = 21
parID6 = 6
keciksdva6 = 3
Kvota6 = 3.000000
teamID16 = 7
teamID26 = 1
parID7 = 7
keciksdva7 = 1
Kvota7 = 2.599997
teamID17 = 4
teamID27 = 36
parID8 = 8
keciksdva8 = 3
Kvota8 = 2.200000
teamID18 = 40
teamID28 = 5
parID9 = 9
keciksdva9 = 3
Kvota9 = 2.400000
teamID19 = 43
teamID29 = 16
