[Informacije]
Uplaceno = true
Zavrseno = false
Uplata = 200
Dobitak = 12849.407226
Status = false
HourPobeda = 8.10.2015 17:30
parID0 = 0
keciksdva0 = 3
Kvota0 = 1.799999
teamID10 = 17
teamID20 = 0
parID1 = 1
keciksdva1 = 1
Kvota1 = 2.599999
teamID11 = 2
teamID21 = 36
parID2 = 7
keciksdva2 = 3
Kvota2 = 2.599999
teamID12 = 25
teamID22 = 21
parID3 = 9
keciksdva3 = 1
Kvota3 = 2.400000
teamID13 = 9
teamID23 = 33
parID4 = 6
keciksdva4 = 3
Kvota4 = 2.200000
teamID14 = 42
teamID24 = 16
parID5 = -1
keciksdva5 = -1
Kvota5 = 0.000000
teamID15 = -1
teamID25 = -1
parID6 = -1
keciksdva6 = -1
Kvota6 = 0.000000
teamID16 = -1
teamID26 = -1
parID7 = -1
keciksdva7 = -1
Kvota7 = 0.000000
teamID17 = -1
teamID27 = -1
parID8 = -1
keciksdva8 = -1
Kvota8 = 0.000000
teamID18 = -1
teamID28 = -1
parID9 = -1
keciksdva9 = -1
Kvota9 = 0.000000
teamID19 = -1
teamID29 = -1
