[Informacije]
Uplaceno = true
Zavrseno = true
Uplata = 200
Dobitak = 0.000000
Status = false
HourPobeda = 7.10.2015 16:30
parID0 = 0
keciksdva0 = 2
Kvota0 = 3.000000
teamID10 = 9
teamID20 = 2
parID1 = 1
keciksdva1 = 3
Kvota1 = 2.799998
teamID11 = 12
teamID21 = 6
parID2 = 2
keciksdva2 = 1
Kvota2 = 2.799998
teamID12 = 31
teamID22 = 43
parID3 = 3
keciksdva3 = 1
Kvota3 = 3.000000
teamID13 = 25
teamID23 = 14
parID4 = 5
keciksdva4 = 3
Kvota4 = 2.000000
teamID14 = 17
teamID24 = 4
parID5 = 7
keciksdva5 = 3
Kvota5 = 2.799998
teamID15 = 37
teamID25 = 19
parID6 = 9
keciksdva6 = 1
Kvota6 = 2.599997
teamID16 = 7
teamID26 = 27
parID7 = 8
keciksdva7 = 1
Kvota7 = 2.599997
teamID17 = 13
teamID27 = 45
parID8 = 6
keciksdva8 = 1
Kvota8 = 3.000000
teamID18 = 26
teamID28 = 36
parID9 = -1
keciksdva9 = -1
Kvota9 = 0.000000
teamID19 = -1
teamID29 = -1
