[Informacije]
Uplaceno = true
Zavrseno = false
Uplata = 200
Dobitak = 19568.640625
Status = false
HourPobeda = 9.10.2015 12:30
parID0 = 1
keciksdva0 = 1
Kvota0 = 2.000000
teamID10 = 4
teamID20 = 41
parID1 = 9
keciksdva1 = 1
Kvota1 = 2.799999
teamID11 = 2
teamID21 = 10
parID2 = 0
keciksdva2 = 1
Kvota2 = 2.799999
teamID12 = 19
teamID22 = 39
parID3 = 5
keciksdva3 = 1
Kvota3 = 2.599999
teamID13 = 44
teamID23 = 43
parID4 = 7
keciksdva4 = 3
Kvota4 = 2.400000
teamID14 = 11
teamID24 = 7
parID5 = -1
keciksdva5 = -1
Kvota5 = 0.000000
teamID15 = -1
teamID25 = -1
parID6 = -1
keciksdva6 = -1
Kvota6 = 0.000000
teamID16 = -1
teamID26 = -1
parID7 = -1
keciksdva7 = -1
Kvota7 = 0.000000
teamID17 = -1
teamID27 = -1
parID8 = -1
keciksdva8 = -1
Kvota8 = 0.000000
teamID18 = -1
teamID28 = -1
parID9 = -1
keciksdva9 = -1
Kvota9 = 0.000000
teamID19 = -1
teamID29 = -1
