[Informacije]
Uplaceno = true
Zavrseno = false
Uplata = 200
Dobitak = 146529.984375
Status = false
HourPobeda = 9.10.2015 14:30
parID0 = 0
keciksdva0 = 3
Kvota0 = 2.400000
teamID10 = 34
teamID20 = 23
parID1 = 1
keciksdva1 = 3
Kvota1 = 2.599999
teamID11 = 36
teamID21 = 4
parID2 = 2
keciksdva2 = 1
Kvota2 = 2.400000
teamID12 = 6
teamID22 = 25
parID3 = 4
keciksdva3 = 3
Kvota3 = 2.799999
teamID13 = 13
teamID23 = 21
parID4 = 5
keciksdva4 = 3
Kvota4 = 2.400000
teamID14 = 31
teamID24 = 10
parID5 = 8
keciksdva5 = 3
Kvota5 = 2.599999
teamID15 = 20
teamID25 = 5
parID6 = 6
keciksdva6 = 1
Kvota6 = 2.799999
teamID16 = 22
teamID26 = 28
parID7 = -1
keciksdva7 = -1
Kvota7 = 0.000000
teamID17 = -1
teamID27 = -1
parID8 = -1
keciksdva8 = -1
Kvota8 = 0.000000
teamID18 = -1
teamID28 = -1
parID9 = -1
keciksdva9 = -1
Kvota9 = 0.000000
teamID19 = -1
teamID29 = -1
