[Informacije]
Uplaceno = true
Zavrseno = true
Uplata = 200
Dobitak = 11880.000000
Status = false
HourPobeda = 5.10.2015 16:30
parID0 = 2
keciksdva0 = 2
Kvota0 = 3.000000
teamID10 = 9
teamID20 = 3
parID1 = 4
keciksdva1 = 2
Kvota1 = 3.000000
teamID11 = 16
teamID21 = 16
parID2 = 5
keciksdva2 = 2
Kvota2 = 3.000000
teamID12 = 35
teamID22 = 42
parID3 = 6
keciksdva3 = 1
Kvota3 = 2.200000
teamID13 = 1
teamID23 = 28
parID4 = -1
keciksdva4 = -1
Kvota4 = 0.000000
teamID14 = -1
teamID24 = -1
parID5 = -1
keciksdva5 = -1
Kvota5 = 0.000000
teamID15 = -1
teamID25 = -1
parID6 = -1
keciksdva6 = -1
Kvota6 = 0.000000
teamID16 = -1
teamID26 = -1
parID7 = -1
keciksdva7 = -1
Kvota7 = 0.000000
teamID17 = -1
teamID27 = -1
parID8 = -1
keciksdva8 = -1
Kvota8 = 0.000000
teamID18 = -1
teamID28 = -1
parID9 = -1
keciksdva9 = -1
Kvota9 = 0.000000
teamID19 = -1
teamID29 = -1
