[Informacije]
Uplaceno = true
Zavrseno = false
Uplata = 200
Dobitak = 0.000000
Status = false
HourPobeda = 6.10.2015 22:30
parID0 = 0
keciksdva0 = 3
Kvota0 = 2.400000
teamID10 = 28
teamID20 = 12
parID1 = 1
keciksdva1 = 3
Kvota1 = 2.400000
teamID11 = 25
teamID21 = 6
parID2 = 2
keciksdva2 = 1
Kvota2 = 3.799999
teamID12 = 45
teamID22 = 1
parID3 = 3
keciksdva3 = 2
Kvota3 = 3.200000
teamID13 = 43
teamID23 = 9
parID4 = 4
keciksdva4 = 3
Kvota4 = 3.599999
teamID14 = 5
teamID24 = 39
parID5 = 5
keciksdva5 = 1
Kvota5 = 2.400000
teamID15 = 1
teamID25 = 20
parID6 = 7
keciksdva6 = 3
Kvota6 = 2.400000
teamID16 = 17
teamID26 = 36
parID7 = 8
keciksdva7 = 2
Kvota7 = 2.400000
teamID17 = 8
teamID27 = 14
parID8 = 9
keciksdva8 = 3
Kvota8 = 3.400000
teamID18 = 6
teamID28 = 10
parID9 = -1
keciksdva9 = -1
Kvota9 = 0.000000
teamID19 = -1
teamID29 = -1
