[Informacije]
Uplaceno = true
Zavrseno = false
Uplata = 200
Dobitak = 4243.200195
Status = false
HourPobeda = 4.10.2015 10:30
parID0 = 0
keciksdva0 = 1
Kvota0 = 2.400000
teamID10 = 1
teamID20 = 20
parID1 = 3
keciksdva1 = 1
Kvota1 = 3.400000
teamID11 = 38
teamID21 = 27
parID2 = 2
keciksdva2 = 3
Kvota2 = 2.599999
teamID12 = 10
teamID22 = 6
parID3 = -1
keciksdva3 = -1
Kvota3 = 0.000000
teamID13 = -1
teamID23 = -1
parID4 = -1
keciksdva4 = -1
Kvota4 = 0.000000
teamID14 = -1
teamID24 = -1
parID5 = -1
keciksdva5 = -1
Kvota5 = 0.000000
teamID15 = -1
teamID25 = -1
parID6 = -1
keciksdva6 = -1
Kvota6 = 0.000000
teamID16 = -1
teamID26 = -1
parID7 = -1
keciksdva7 = -1
Kvota7 = 0.000000
teamID17 = -1
teamID27 = -1
parID8 = -1
keciksdva8 = -1
Kvota8 = 0.000000
teamID18 = -1
teamID28 = -1
parID9 = -1
keciksdva9 = -1
Kvota9 = 0.000000
teamID19 = -1
teamID29 = -1
