[Informacije]
Uplaceno = true
Zavrseno = true
Uplata = 200
Dobitak = 9784.320312
Status = false
HourPobeda = 4.10.2015 14:30
parID0 = 2
keciksdva0 = 1
Kvota0 = 2.599997
teamID10 = 4
teamID20 = 14
parID1 = 6
keciksdva1 = 3
Kvota1 = 2.799998
teamID11 = 44
teamID21 = 22
parID2 = 5
keciksdva2 = 3
Kvota2 = 2.400000
teamID12 = 40
teamID22 = 13
parID3 = 9
keciksdva3 = 3
Kvota3 = 2.799998
teamID13 = 45
teamID23 = 32
parID4 = -1
keciksdva4 = -1
Kvota4 = 0.000000
teamID14 = -1
teamID24 = -1
parID5 = -1
keciksdva5 = -1
Kvota5 = 0.000000
teamID15 = -1
teamID25 = -1
parID6 = -1
keciksdva6 = -1
Kvota6 = 0.000000
teamID16 = -1
teamID26 = -1
parID7 = -1
keciksdva7 = -1
Kvota7 = 0.000000
teamID17 = -1
teamID27 = -1
parID8 = -1
keciksdva8 = -1
Kvota8 = 0.000000
teamID18 = -1
teamID28 = -1
parID9 = -1
keciksdva9 = -1
Kvota9 = 0.000000
teamID19 = -1
teamID29 = -1
