[Informacije]
Uplaceno = true
Zavrseno = true
Uplata = 0
Dobitak = 0.000000
Status = false
HourPobeda = 3.10.2015 20:30
parID0 = 0
keciksdva0 = 3
Kvota0 = 2.799998
teamID10 = 37
teamID20 = 20
parID1 = 6
keciksdva1 = 2
Kvota1 = 3.000000
teamID11 = 3
teamID21 = 21
parID2 = 3
keciksdva2 = 1
Kvota2 = 2.799998
teamID12 = 26
teamID22 = 33
parID3 = -1
keciksdva3 = -1
Kvota3 = 0.000000
teamID13 = -1
teamID23 = -1
parID4 = -1
keciksdva4 = -1
Kvota4 = 0.000000
teamID14 = -1
teamID24 = -1
parID5 = -1
keciksdva5 = -1
Kvota5 = 0.000000
teamID15 = -1
teamID25 = -1
parID6 = -1
keciksdva6 = -1
Kvota6 = 0.000000
teamID16 = -1
teamID26 = -1
parID7 = -1
keciksdva7 = -1
Kvota7 = 0.000000
teamID17 = -1
teamID27 = -1
parID8 = -1
keciksdva8 = -1
Kvota8 = 0.000000
teamID18 = -1
teamID28 = -1
parID9 = -1
keciksdva9 = -1
Kvota9 = 0.000000
teamID19 = -1
teamID29 = -1
