[Informacije]
Uplaceno = true
Zavrseno = false
Uplata = 100
Dobitak = 1715.999877
Status = false
HourPobeda = 3.10.2015 21:30
parID0 = 3
keciksdva0 = 1
Kvota0 = 2.200000
teamID10 = 18
teamID20 = 43
parID1 = 1
keciksdva1 = 1
Kvota1 = 3.000000
teamID11 = 34
teamID21 = 40
parID2 = 5
keciksdva2 = 1
Kvota2 = 2.599999
teamID12 = 44
teamID22 = 17
parID3 = -1
keciksdva3 = -1
Kvota3 = 0.000000
teamID13 = -1
teamID23 = -1
parID4 = -1
keciksdva4 = -1
Kvota4 = 0.000000
teamID14 = -1
teamID24 = -1
parID5 = -1
keciksdva5 = -1
Kvota5 = 0.000000
teamID15 = -1
teamID25 = -1
parID6 = -1
keciksdva6 = -1
Kvota6 = 0.000000
teamID16 = -1
teamID26 = -1
parID7 = -1
keciksdva7 = -1
Kvota7 = 0.000000
teamID17 = -1
teamID27 = -1
parID8 = -1
keciksdva8 = -1
Kvota8 = 0.000000
teamID18 = -1
teamID28 = -1
parID9 = -1
keciksdva9 = -1
Kvota9 = 0.000000
teamID19 = -1
teamID29 = -1
