[Informacije]
Uplaceno = true
Zavrseno = true
Uplata = 200
Dobitak = 31449.601562
Status = false
HourPobeda = 7.10.2015 21:30
parID0 = 0
keciksdva0 = 3
Kvota0 = 2.799998
teamID10 = 9
teamID20 = 1
parID1 = 1
keciksdva1 = 2
Kvota1 = 3.000000
teamID11 = 27
teamID21 = 27
parID2 = 2
keciksdva2 = 2
Kvota2 = 2.400000
teamID12 = 11
teamID22 = 39
parID3 = 4
keciksdva3 = 1
Kvota3 = 3.000000
teamID13 = 4
teamID23 = 2
parID4 = 7
keciksdva4 = 1
Kvota4 = 2.599998
teamID14 = 0
teamID24 = 23
parID5 = -1
keciksdva5 = -1
Kvota5 = 0.000000
teamID15 = -1
teamID25 = -1
parID6 = -1
keciksdva6 = -1
Kvota6 = 0.000000
teamID16 = -1
teamID26 = -1
parID7 = -1
keciksdva7 = -1
Kvota7 = 0.000000
teamID17 = -1
teamID27 = -1
parID8 = -1
keciksdva8 = -1
Kvota8 = 0.000000
teamID18 = -1
teamID28 = -1
parID9 = -1
keciksdva9 = -1
Kvota9 = 0.000000
teamID19 = -1
teamID29 = -1
