[Informacije]
Uplaceno = true
Zavrseno = true
Uplata = 100
Dobitak = 5875.200683
Status = false
HourPobeda = 4.10.2015 19:30
parID0 = 0
keciksdva0 = 1
Kvota0 = 2.400000
teamID10 = 2
teamID20 = 44
parID1 = 1
keciksdva1 = 2
Kvota1 = 3.000000
teamID11 = 37
teamID21 = 28
parID2 = 5
keciksdva2 = 3
Kvota2 = 3.400000
teamID12 = 27
teamID22 = 38
parID3 = 9
keciksdva3 = 1
Kvota3 = 2.400000
teamID13 = 8
teamID23 = 34
parID4 = -1
keciksdva4 = -1
Kvota4 = 0.000000
teamID14 = -1
teamID24 = -1
parID5 = -1
keciksdva5 = -1
Kvota5 = 0.000000
teamID15 = -1
teamID25 = -1
parID6 = -1
keciksdva6 = -1
Kvota6 = 0.000000
teamID16 = -1
teamID26 = -1
parID7 = -1
keciksdva7 = -1
Kvota7 = 0.000000
teamID17 = -1
teamID27 = -1
parID8 = -1
keciksdva8 = -1
Kvota8 = 0.000000
teamID18 = -1
teamID28 = -1
parID9 = -1
keciksdva9 = -1
Kvota9 = 0.000000
teamID19 = -1
teamID29 = -1
