[Informacije]
Uplaceno = true
Zavrseno = true
Uplata = 200
Dobitak = 21415.679687
Status = false
HourPobeda = 7.10.2015 15:30
parID0 = 0
keciksdva0 = 3
Kvota0 = 2.599998
teamID10 = 38
teamID20 = 24
parID1 = 2
keciksdva1 = 1
Kvota1 = 2.000000
teamID11 = 9
teamID21 = 41
parID2 = 8
keciksdva2 = 1
Kvota2 = 2.200000
teamID12 = 4
teamID22 = 40
parID3 = 6
keciksdva3 = 1
Kvota3 = 2.599998
teamID13 = 2
teamID23 = 26
parID4 = 4
keciksdva4 = 2
Kvota4 = 3.599998
teamID14 = 7
teamID24 = 42
parID5 = -1
keciksdva5 = -1
Kvota5 = 0.000000
teamID15 = -1
teamID25 = -1
parID6 = -1
keciksdva6 = -1
Kvota6 = 0.000000
teamID16 = -1
teamID26 = -1
parID7 = -1
keciksdva7 = -1
Kvota7 = 0.000000
teamID17 = -1
teamID27 = -1
parID8 = -1
keciksdva8 = -1
Kvota8 = 0.000000
teamID18 = -1
teamID28 = -1
parID9 = -1
keciksdva9 = -1
Kvota9 = 0.000000
teamID19 = -1
teamID29 = -1
