[Informacije]
Uplaceno = true
Zavrseno = false
Uplata = 200
Dobitak = 48384.000000
Status = false
HourPobeda = 9.10.2015 10:30
parID0 = 0
keciksdva0 = 1
Kvota0 = 3.200000
teamID10 = 32
teamID20 = 27
parID1 = 1
keciksdva1 = 1
Kvota1 = 3.000000
teamID11 = 13
teamID21 = 24
parID2 = 9
keciksdva2 = 1
Kvota2 = 3.000000
teamID12 = 19
teamID22 = 16
parID3 = 5
keciksdva3 = 3
Kvota3 = 2.799999
teamID13 = 22
teamID23 = 10
parID4 = 2
keciksdva4 = 1
Kvota4 = 3.000000
teamID14 = 45
teamID24 = 39
parID5 = -1
keciksdva5 = -1
Kvota5 = 0.000000
teamID15 = -1
teamID25 = -1
parID6 = -1
keciksdva6 = -1
Kvota6 = 0.000000
teamID16 = -1
teamID26 = -1
parID7 = -1
keciksdva7 = -1
Kvota7 = 0.000000
teamID17 = -1
teamID27 = -1
parID8 = -1
keciksdva8 = -1
Kvota8 = 0.000000
teamID18 = -1
teamID28 = -1
parID9 = -1
keciksdva9 = -1
Kvota9 = 0.000000
teamID19 = -1
teamID29 = -1
