[Informacije]
Uplaceno = true
Zavrseno = true
Uplata = 200
Dobitak = 114331.171875
Status = false
HourPobeda = 4.10.2015 16:30
parID0 = 0
keciksdva0 = 3
Kvota0 = 2.599997
teamID10 = 45
teamID20 = 18
parID1 = 2
keciksdva1 = 1
Kvota1 = 2.200000
teamID11 = 5
teamID21 = 40
parID2 = 4
keciksdva2 = 3
Kvota2 = 2.200000
teamID12 = 42
teamID22 = 19
parID3 = 6
keciksdva3 = 3
Kvota3 = 2.599997
teamID13 = 20
teamID23 = 4
parID4 = 8
keciksdva4 = 1
Kvota4 = 2.599997
teamID14 = 6
teamID24 = 24
parID5 = 9
keciksdva5 = 3
Kvota5 = 2.400000
teamID15 = 17
teamID25 = 25
parID6 = 7
keciksdva6 = 3
Kvota6 = 2.799998
teamID16 = 22
teamID26 = 23
parID7 = -1
keciksdva7 = -1
Kvota7 = 0.000000
teamID17 = -1
teamID27 = -1
parID8 = -1
keciksdva8 = -1
Kvota8 = 0.000000
teamID18 = -1
teamID28 = -1
parID9 = -1
keciksdva9 = -1
Kvota9 = 0.000000
teamID19 = -1
teamID29 = -1
