[Informacije]
Uplaceno = true
Zavrseno = true
Uplata = 0
Dobitak = 0.000000
Status = false
HourPobeda = 
parID0 = 7
keciksdva0 = 3
Kvota0 = 2.599997
teamID10 = 8
teamID20 = 6
parID1 = 4
keciksdva1 = 3
Kvota1 = 2.599997
teamID11 = 26
teamID21 = 21
parID2 = 3
keciksdva2 = 1
Kvota2 = 2.400000
teamID12 = 23
teamID22 = 34
parID3 = 6
keciksdva3 = 1
Kvota3 = 2.599997
teamID13 = 14
teamID23 = 31
parID4 = 9
keciksdva4 = 3
Kvota4 = 2.599997
teamID14 = 16
teamID24 = 9
parID5 = 1
keciksdva5 = 1
Kvota5 = 3.000000
teamID15 = 33
teamID25 = 45
parID6 = -1
keciksdva6 = -1
Kvota6 = 0.000000
teamID16 = -1
teamID26 = -1
parID7 = -1
keciksdva7 = -1
Kvota7 = 0.000000
teamID17 = -1
teamID27 = -1
parID8 = -1
keciksdva8 = -1
Kvota8 = 0.000000
teamID18 = -1
teamID28 = -1
parID9 = -1
keciksdva9 = -1
Kvota9 = 0.000000
teamID19 = -1
teamID29 = -1
