[Informacije]
Uplaceno = true
Zavrseno = true
Uplata = 0
Dobitak = 0.000000
Status = false
HourPobeda = 5.10.2015 20:30
parID0 = 0
keciksdva0 = 3
Kvota0 = 2.799998
teamID10 = 26
teamID20 = 8
parID1 = 1
keciksdva1 = 1
Kvota1 = 3.400000
teamID11 = 36
teamID21 = 2
parID2 = 2
keciksdva2 = 1
Kvota2 = 2.799998
teamID12 = 27
teamID22 = 11
parID3 = 3
keciksdva3 = 3
Kvota3 = 3.400000
teamID13 = 39
teamID23 = 41
parID4 = 4
keciksdva4 = 1
Kvota4 = 2.599997
teamID14 = 22
teamID24 = 31
parID5 = 5
keciksdva5 = 3
Kvota5 = 3.799998
teamID15 = 7
teamID25 = 30
parID6 = 6
keciksdva6 = 1
Kvota6 = 2.599997
teamID16 = 23
teamID26 = 28
parID7 = 7
keciksdva7 = 3
Kvota7 = 3.799998
teamID17 = 14
teamID27 = 35
parID8 = 8
keciksdva8 = 3
Kvota8 = 3.000000
teamID18 = 15
teamID28 = 16
parID9 = 9
keciksdva9 = 3
Kvota9 = 3.000000
teamID19 = 5
teamID29 = 12
