[Informacije]
Uplaceno = true
Zavrseno = true
Uplata = 200
Dobitak = 52332.128906
Status = false
HourPobeda = 4.10.2015 14:30
parID0 = 0
keciksdva0 = 3
Kvota0 = 3.200000
teamID10 = 33
teamID20 = 29
parID1 = 7
keciksdva1 = 3
Kvota1 = 2.599997
teamID11 = 25
teamID21 = 9
parID2 = 6
keciksdva2 = 3
Kvota2 = 2.799998
teamID12 = 44
teamID22 = 22
parID3 = 4
keciksdva3 = 1
Kvota3 = 2.400000
teamID13 = 10
teamID23 = 40
parID4 = 2
keciksdva4 = 2
Kvota4 = 2.599997
teamID14 = 4
teamID24 = 14
parID5 = 8
keciksdva5 = 3
Kvota5 = 1.799998
teamID15 = 42
teamID25 = 21
parID6 = -1
keciksdva6 = -1
Kvota6 = 0.000000
teamID16 = -1
teamID26 = -1
parID7 = -1
keciksdva7 = -1
Kvota7 = 0.000000
teamID17 = -1
teamID27 = -1
parID8 = -1
keciksdva8 = -1
Kvota8 = 0.000000
teamID18 = -1
teamID28 = -1
parID9 = -1
keciksdva9 = -1
Kvota9 = 0.000000
teamID19 = -1
teamID29 = -1
