[Informacije]
Uplaceno = true
Zavrseno = false
Uplata = 200
Dobitak = 0.000000
Status = false
HourPobeda = 4.10.2015 14:30
parID0 = 0
keciksdva0 = 1
Kvota0 = 2.799999
teamID10 = 33
teamID20 = 29
parID1 = 1
keciksdva1 = 1
Kvota1 = 2.200000
teamID11 = 16
teamID21 = 35
parID2 = 2
keciksdva2 = 1
Kvota2 = 2.599999
teamID12 = 4
teamID22 = 14
parID3 = 4
keciksdva3 = 1
Kvota3 = 2.400000
teamID13 = 10
teamID23 = 40
parID4 = 5
keciksdva4 = 3
Kvota4 = 2.400000
teamID14 = 40
teamID24 = 13
parID5 = 6
keciksdva5 = 3
Kvota5 = 2.799999
teamID15 = 44
teamID25 = 22
parID6 = 7
keciksdva6 = 3
Kvota6 = 2.599999
teamID16 = 25
teamID26 = 9
parID7 = 8
keciksdva7 = 3
Kvota7 = 1.799999
teamID17 = 42
teamID27 = 21
parID8 = -1
keciksdva8 = -1
Kvota8 = 0.000000
teamID18 = -1
teamID28 = -1
parID9 = -1
keciksdva9 = -1
Kvota9 = 0.000000
teamID19 = -1
teamID29 = -1
