[Informacije]
Uplaceno = true
Zavrseno = true
Uplata = 300
Dobitak = 21168.000000
Status = false
HourPobeda = 5.10.2015 17:30
parID0 = 5
keciksdva0 = 1
Kvota0 = 3.000000
teamID10 = 45
teamID20 = 33
parID1 = 4
keciksdva1 = 1
Kvota1 = 3.000000
teamID11 = 10
teamID21 = 13
parID2 = 1
keciksdva2 = 1
Kvota2 = 2.799998
teamID12 = 38
teamID22 = 31
parID3 = 9
keciksdva3 = 1
Kvota3 = 2.799998
teamID13 = 32
teamID23 = 44
parID4 = -1
keciksdva4 = -1
Kvota4 = 0.000000
teamID14 = -1
teamID24 = -1
parID5 = -1
keciksdva5 = -1
Kvota5 = 0.000000
teamID15 = -1
teamID25 = -1
parID6 = -1
keciksdva6 = -1
Kvota6 = 0.000000
teamID16 = -1
teamID26 = -1
parID7 = -1
keciksdva7 = -1
Kvota7 = 0.000000
teamID17 = -1
teamID27 = -1
parID8 = -1
keciksdva8 = -1
Kvota8 = 0.000000
teamID18 = -1
teamID28 = -1
parID9 = -1
keciksdva9 = -1
Kvota9 = 0.000000
teamID19 = -1
teamID29 = -1
