[Informacije]
Uplaceno = true
Zavrseno = true
Uplata = 200
Dobitak = 0.000000
Status = false
HourPobeda = 3.10.2015 21:30
parID0 = 0
keciksdva0 = 1
Kvota0 = 2.400000
teamID10 = 22
teamID20 = 41
parID1 = 1
keciksdva1 = 1
Kvota1 = 3.000000
teamID11 = 34
teamID21 = 40
parID2 = 2
keciksdva2 = 2
Kvota2 = 2.599997
teamID12 = 14
teamID22 = 29
parID3 = 5
keciksdva3 = 1
Kvota3 = 2.599997
teamID13 = 44
teamID23 = 17
parID4 = 8
keciksdva4 = 1
Kvota4 = 3.000000
teamID14 = 19
teamID24 = 36
parID5 = 9
keciksdva5 = 1
Kvota5 = 2.799998
teamID15 = 13
teamID25 = 26
parID6 = 7
keciksdva6 = 1
Kvota6 = 3.000000
teamID16 = 25
teamID26 = 16
parID7 = 4
keciksdva7 = 1
Kvota7 = 3.000000
teamID17 = 7
teamID27 = 7
parID8 = -1
keciksdva8 = -1
Kvota8 = 0.000000
teamID18 = -1
teamID28 = -1
parID9 = -1
keciksdva9 = -1
Kvota9 = 0.000000
teamID19 = -1
teamID29 = -1
