[Informacije]
Uplaceno = true
Zavrseno = false
Uplata = 80
Dobitak = 5870.591796
Status = false
HourPobeda = 9.10.2015 13:30
parID0 = 0
keciksdva0 = 1
Kvota0 = 2.799999
teamID10 = 7
teamID20 = 5
parID1 = 1
keciksdva1 = 1
Kvota1 = 2.799999
teamID11 = 9
teamID21 = 23
parID2 = 2
keciksdva2 = 1
Kvota2 = 2.599999
teamID12 = 24
teamID22 = 37
parID3 = 8
keciksdva3 = 3
Kvota3 = 3.599999
teamID13 = 12
teamID23 = 38
parID4 = -1
keciksdva4 = -1
Kvota4 = 0.000000
teamID14 = -1
teamID24 = -1
parID5 = -1
keciksdva5 = -1
Kvota5 = 0.000000
teamID15 = -1
teamID25 = -1
parID6 = -1
keciksdva6 = -1
Kvota6 = 0.000000
teamID16 = -1
teamID26 = -1
parID7 = -1
keciksdva7 = -1
Kvota7 = 0.000000
teamID17 = -1
teamID27 = -1
parID8 = -1
keciksdva8 = -1
Kvota8 = 0.000000
teamID18 = -1
teamID28 = -1
parID9 = -1
keciksdva9 = -1
Kvota9 = 0.000000
teamID19 = -1
teamID29 = -1
