[Informacije]
Uplaceno = true
Zavrseno = true
Uplata = 200
Dobitak = 21805.056640
Status = false
HourPobeda = 8.10.2015 15:30
parID0 = 9
keciksdva0 = 1
Kvota0 = 2.400000
teamID10 = 24
teamID20 = 40
parID1 = 8
keciksdva1 = 1
Kvota1 = 2.599998
teamID11 = 27
teamID21 = 37
parID2 = 6
keciksdva2 = 3
Kvota2 = 2.599998
teamID12 = 11
teamID22 = 12
parID3 = 3
keciksdva3 = 1
Kvota3 = 2.400000
teamID13 = 2
teamID23 = 45
parID4 = 4
keciksdva4 = 3
Kvota4 = 2.799998
teamID14 = 25
teamID24 = 8
parID5 = -1
keciksdva5 = -1
Kvota5 = 0.000000
teamID15 = -1
teamID25 = -1
parID6 = -1
keciksdva6 = -1
Kvota6 = 0.000000
teamID16 = -1
teamID26 = -1
parID7 = -1
keciksdva7 = -1
Kvota7 = 0.000000
teamID17 = -1
teamID27 = -1
parID8 = -1
keciksdva8 = -1
Kvota8 = 0.000000
teamID18 = -1
teamID28 = -1
parID9 = -1
keciksdva9 = -1
Kvota9 = 0.000000
teamID19 = -1
teamID29 = -1
