[Informacije]
Uplaceno = true
Zavrseno = true
Uplata = 200
Dobitak = 80494.593750
Status = false
HourPobeda = 6.10.2015 16:30
parID0 = 0
keciksdva0 = 1
Kvota0 = 3.200000
teamID10 = 26
teamID20 = 8
parID1 = 1
keciksdva1 = 1
Kvota1 = 3.400000
teamID11 = 36
teamID21 = 2
parID2 = 2
keciksdva2 = 3
Kvota2 = 3.200000
teamID12 = 27
teamID22 = 11
parID3 = 3
keciksdva3 = 3
Kvota3 = 3.400000
teamID13 = 39
teamID23 = 41
parID4 = 4
keciksdva4 = 3
Kvota4 = 3.400000
teamID14 = 22
teamID24 = 31
parID5 = -1
keciksdva5 = -1
Kvota5 = 0.000000
teamID15 = -1
teamID25 = -1
parID6 = -1
keciksdva6 = -1
Kvota6 = 0.000000
teamID16 = -1
teamID26 = -1
parID7 = -1
keciksdva7 = -1
Kvota7 = 0.000000
teamID17 = -1
teamID27 = -1
parID8 = -1
keciksdva8 = -1
Kvota8 = 0.000000
teamID18 = -1
teamID28 = -1
parID9 = -1
keciksdva9 = -1
Kvota9 = 0.000000
teamID19 = -1
teamID29 = -1
