[Informacije]
Uplaceno = true
Zavrseno = true
Uplata = 200
Dobitak = 36796.027343
Status = false
HourPobeda = 6.10.2015 21:30
parID0 = 0
keciksdva0 = 3
Kvota0 = 1.799998
teamID10 = 42
teamID20 = 2
parID1 = 1
keciksdva1 = 3
Kvota1 = 2.799998
teamID11 = 45
teamID21 = 22
parID2 = 4
keciksdva2 = 1
Kvota2 = 1.799998
teamID12 = 0
teamID22 = 43
parID3 = 5
keciksdva3 = 1
Kvota3 = 2.599997
teamID13 = 21
teamID23 = 11
parID4 = 8
keciksdva4 = 3
Kvota4 = 3.000000
teamID14 = 24
teamID24 = 24
parID5 = 9
keciksdva5 = 1
Kvota5 = 2.599997
teamID15 = 27
teamID25 = 44
parID6 = -1
keciksdva6 = -1
Kvota6 = 0.000000
teamID16 = -1
teamID26 = -1
parID7 = -1
keciksdva7 = -1
Kvota7 = 0.000000
teamID17 = -1
teamID27 = -1
parID8 = -1
keciksdva8 = -1
Kvota8 = 0.000000
teamID18 = -1
teamID28 = -1
parID9 = -1
keciksdva9 = -1
Kvota9 = 0.000000
teamID19 = -1
teamID29 = -1
