[Informacije]
Uplaceno = true
Zavrseno = false
Uplata = 200
Dobitak = 1230714.875000
Status = false
HourPobeda = 9.10.2015 14:30
parID0 = 1
keciksdva0 = 1
Kvota0 = 3.400000
teamID10 = 36
teamID20 = 4
parID1 = 2
keciksdva1 = 3
Kvota1 = 3.599999
teamID11 = 6
teamID21 = 25
parID2 = 3
keciksdva2 = 1
Kvota2 = 3.799999
teamID12 = 42
teamID22 = 19
parID3 = 9
keciksdva3 = 1
Kvota3 = 3.799999
teamID13 = 41
teamID23 = 8
parID4 = 8
keciksdva4 = 1
Kvota4 = 3.400000
teamID14 = 20
teamID24 = 5
parID5 = 6
keciksdva5 = 3
Kvota5 = 3.200000
teamID15 = 22
teamID25 = 28
parID6 = 4
keciksdva6 = 1
Kvota6 = 3.200000
teamID16 = 13
teamID26 = 21
parID7 = -1
keciksdva7 = -1
Kvota7 = 0.000000
teamID17 = -1
teamID27 = -1
parID8 = -1
keciksdva8 = -1
Kvota8 = 0.000000
teamID18 = -1
teamID28 = -1
parID9 = -1
keciksdva9 = -1
Kvota9 = 0.000000
teamID19 = -1
teamID29 = -1
