[Informacije]
Uplaceno = true
Zavrseno = true
Uplata = 200
Dobitak = 0.000000
Status = false
HourPobeda = 6.10.2015 15:30
parID0 = 0
keciksdva0 = 3
Kvota0 = 3.599997
teamID10 = 5
teamID20 = 28
parID1 = 2
keciksdva1 = 1
Kvota1 = 3.599997
teamID11 = 14
teamID21 = 0
parID2 = 1
keciksdva2 = 2
Kvota2 = 3.000000
teamID12 = 40
teamID22 = 31
parID3 = 3
keciksdva3 = 3
Kvota3 = 3.400000
teamID13 = 22
teamID23 = 34
parID4 = 4
keciksdva4 = 3
Kvota4 = 3.200000
teamID14 = 29
teamID24 = 41
parID5 = 5
keciksdva5 = 1
Kvota5 = 4.199995
teamID15 = 35
teamID25 = 9
parID6 = 6
keciksdva6 = 2
Kvota6 = 3.000000
teamID16 = 21
teamID26 = 3
parID7 = 7
keciksdva7 = 3
Kvota7 = 3.400000
teamID17 = 9
teamID27 = 26
parID8 = 9
keciksdva8 = 1
Kvota8 = 3.599997
teamID18 = 31
teamID28 = 18
parID9 = -1
keciksdva9 = -1
Kvota9 = 0.000000
teamID19 = -1
teamID29 = -1
