Name = Auto Salon 5
PosX = 558.915710
PosY = -1246.813476
PosZ = 16.597024
