Name = Fakultet
PosX = 1315.716674
PosY = -1391.635498
PosZ = 13.341573
