Name = Interex
PosX = 1272.156738
PosY = -1334.638061
PosZ = 13.343271
