Name = Kramar Auto Salon
PosX = 556.007507
PosY = -1279.203002
PosZ = 17.248237
