Name = Auto Salon 3
PosX = 2063.218750
PosY = -1929.132568
PosZ = 12.895635
