Name = Salon Namestaja
PosX = 1022.474243
PosY = -1574.566162
PosZ = 13.382812
