Name = DM Zona
PosX = 1367.687866
PosY = -1085.896606
PosZ = 24.579854
