Name = Salon Motora
PosX = 1367.174438
PosY = -1872.499267
PosZ = 12.956042
