Name = SM Bank
PosX = 1471.356445
PosY = -1028.098632
PosZ = 23.828125
