Name = Javna kuca
PosX = 2222.347167
PosY = -1146.958618
PosZ = 25.808738
