Name = Electronic Shop
PosX = 1452.473266
PosY = -1266.087280
PosZ = 12.941079
