Name = Auto Salon 3
PosX = 2057.107177
PosY = -1922.921142
PosZ = 13.546875
