Name = Lukoil Pumpa
PosX = 1019.019653
PosY = -950.083740
PosZ = 41.807910
