Name = Bolnica
PosX = 1189.402954
PosY = -1321.773681
PosZ = 13.566352
