Name = Salon Plovila
PosX = 269.266204
PosY = -1868.375976
PosZ = 2.135804
