Name = Srednja Skola
PosX = 1198.433959
PosY = -1440.934570
PosZ = 13.347218
