Name = Policija
PosX = 1535.586547
PosY = -1676.004150
PosZ = 13.382812
