Name = Oglasi
PosX = 1353.951538
PosY = -985.867736
PosZ = 29.220518
