Name = Well Stacked Pizza
PosX = 1219.460693
PosY = -926.092285
PosZ = 42.900608
