Name = Osnovna Skola
PosX = 186.284576
PosY = -1624.676635
PosZ = 14.421674
