Name = Opstina
PosX = 1498.526733
PosY = -1739.142578
PosZ = 13.614897
