Name = Auto Salon 2
PosX = 1570.260253
PosY = -1292.372680
PosZ = 16.858047
