Name = Kladionica
PosX = 1603.709350
PosY = -1160.003051
PosZ = 23.906250
