Name = Lutrija
PosX = 1717.003173
PosY = -1277.558471
PosZ = 13.382812
