Name = Zlatara
PosX = 1525.415893
PosY = -1160.860473
PosZ = 23.906250
