Name = Market Maxi
PosX = 1317.452514
PosY = -914.182922
PosZ = 37.821983
