Name = Salon Bicikala
PosX = 224.175811
PosY = -1444.515869
PosZ = 12.674299
