Name = Auto Salon 1
PosX = 1293.991333
PosY = -1643.491210
PosZ = 12.941912
