Name = Auto Salon 4
PosX = 624.539978
PosY = -1506.892089
PosZ = 14.779253
