Name = AFK Zona
PosX = 1462.372314
PosY = -1169.545532
PosZ = 23.824275
