Name = Auto Skola
PosX = 1277.398559
PosY = -1849.979492
PosZ = 13.385760
