MaxVehModel = 7
VehModel1 = 446
VehModel2 = 452
VehModel3 = 453
VehModel4 = 454
VehModel5 = 473
VehModel6 = 484
VehModel7 = 493
VehModel8 = 0
VehModel9 = 0
VehModel10 = 0
VehModel11 = 0
VehModel12 = 0
VehModel13 = 0
VehModel14 = 0
VehModel15 = 0
VehModel16 = 0
VehAmmount1 = 3
VehAmmount2 = 4
VehAmmount3 = 1
VehAmmount4 = 3
VehAmmount5 = 0
VehAmmount6 = 3
VehAmmount7 = 1
VehAmmount8 = 0
VehAmmount9 = 0
VehAmmount10 = 0
VehAmmount11 = 0
VehAmmount12 = 0
VehAmmount13 = 0
VehAmmount14 = 0
VehAmmount15 = 0
VehAmmount16 = 0
VehBuyedPosX = 260.621551
VehBuyedPosY = -1905.294555
VehBuyedPosZ = -0.515998
VehBuyedPosA = 93.142356
PickupPosX = 285.865417
PickupPosY = -1900.791381
PickupPosZ = 2.074156
CameraPosX = 294.769073
CameraPosY = -1927.677978
CameraPosZ = 3.296741
CameraLookAtX = 292.000091
CameraLookAtY = -1923.553833
CameraLookAtZ = 2.727148
VirtualW = 0
Interior = 0
IzlogVeh = 4
