MaxVehModel = 16
VehModel1 = 477
VehModel2 = 480
VehModel3 = 496
VehModel4 = 494
VehModel5 = 495
VehModel6 = 516
VehModel7 = 540
VehModel8 = 542
VehModel9 = 545
VehModel10 = 554
VehModel11 = 561
VehModel12 = 579
VehModel13 = 580
VehModel14 = 602
VehModel15 = 445
VehModel16 = 400
VehAmmount1 = 0
VehAmmount2 = 0
VehAmmount3 = 0
VehAmmount4 = 0
VehAmmount5 = 0
VehAmmount6 = 0
VehAmmount7 = 0
VehAmmount8 = 0
VehAmmount9 = 0
VehAmmount10 = 0
VehAmmount11 = 0
VehAmmount12 = 0
VehAmmount13 = 0
VehAmmount14 = 0
VehAmmount15 = 0
VehAmmount16 = 0
VehBuyedPosX = 622.062622
VehBuyedPosY = -1521.431762
VehBuyedPosZ = 14.712141
VehBuyedPosA = 180.654891
PickupPosX = 598.643371
PickupPosY = -1510.138916
PickupPosZ = 15.379010
CameraPosX = 607.664123
CameraPosY = -1510.735107
CameraPosZ = 17.305118
CameraLookAtX = 604.885498
CameraLookAtY = -1514.644165
CameraLookAtZ = 15.891345
VirtualW = 0
Interior = 0
IzlogVeh = 420
