MaxVehModel = 16
VehModel1 = 536
VehModel2 = 575
VehModel3 = 534
VehModel4 = 567
VehModel5 = 535
VehModel6 = 566
VehModel7 = 576
VehModel8 = 412
VehModel9 = 491
VehModel10 = 492
VehModel11 = 409
VehModel12 = 424
VehModel13 = 507
VehModel14 = 517
VehModel15 = 518
VehModel16 = 526
VehAmmount1 = 0
VehAmmount2 = 0
VehAmmount3 = 0
VehAmmount4 = 0
VehAmmount5 = 0
VehAmmount6 = 0
VehAmmount7 = 0
VehAmmount8 = 0
VehAmmount9 = 0
VehAmmount10 = 0
VehAmmount11 = 0
VehAmmount12 = 0
VehAmmount13 = 0
VehAmmount14 = 0
VehAmmount15 = 0
VehAmmount16 = 0
VehBuyedPosX = 2076.165283
VehBuyedPosY = -1915.915405
VehBuyedPosZ = 13.132966
VehBuyedPosA = 182.103958
PickupPosX = 2057.670166
PickupPosY = -1904.087158
PickupPosZ = 13.621232
CameraPosX = 2055.952148
CameraPosY = -1904.373291
CameraPosZ = 15.174418
CameraLookAtX = 2052.119628
CameraLookAtY = -1907.474121
CameraLookAtZ = 14.339447
VirtualW = 0
Interior = 0
IzlogVeh = 421
