MaxVehModel = 16
VehModel1 = 413
VehModel2 = 434
VehModel3 = 436
VehModel4 = 482
VehModel5 = 483
VehModel6 = 489
VehModel7 = 500
VehModel8 = 533
VehModel9 = 573
VehModel10 = 578
VehModel11 = 585
VehModel12 = 600
VehModel13 = 418
VehModel14 = 426
VehModel15 = 421
VehModel16 = 405
VehAmmount1 = 0
VehAmmount2 = 0
VehAmmount3 = 0
VehAmmount4 = 0
VehAmmount5 = 0
VehAmmount6 = 0
VehAmmount7 = 0
VehAmmount8 = 0
VehAmmount9 = 0
VehAmmount10 = 0
VehAmmount11 = 0
VehAmmount12 = 1
VehAmmount13 = 0
VehAmmount14 = 0
VehAmmount15 = 0
VehAmmount16 = 0
VehBuyedPosX = 1282.523925
VehBuyedPosY = -1614.899169
VehBuyedPosZ = 13.252772
VehBuyedPosA = 269.083923
PickupPosX = 1264.075439
PickupPosY = -1641.617187
PickupPosZ = 13.546875
CameraPosX = 1233.892578
CameraPosY = -1648.972412
CameraPosZ = 16.292818
CameraLookAtX = 1236.543945
CameraLookAtY = -1644.875854
CameraLookAtZ = 15.202775
VirtualW = 0
Interior = 0
IzlogVeh = 422
