Owned = true
Owner = Dzon_Winston
Price = 30000
Level = 3
Locked = false
Pos1 = 2262.026855
Pos2 = -1963.005981
Pos3 = 13.557783
VehiclePos1 = 2262.149169
VehiclePos2 = -1966.703247
VehiclePos3 = 13.146952
VehiclePos4 = 181.002822
VW = 68
Type = 0
