Owned = true
Owner = Kemcy_Pjanic
Price = 30000
Level = 3
Locked = false
Pos1 = 2095.325195
Pos2 = -1884.773681
Pos3 = 13.546875
VehiclePos1 = 2095.220947
VehiclePos2 = -1888.071533
VehiclePos3 = 13.165468
VehiclePos4 = 179.127090
VW = 53
Type = 0
