Owned = true
Owner = Amar_Caluk
Price = 60000
Level = 4
Locked = false
Pos1 = 1358.999511
Pos2 = -1643.514404
Pos3 = 13.514904
VehiclePos1 = 1361.582397
VehiclePos2 = -1643.667480
VehiclePos3 = 13.087953
VehiclePos4 = 269.066802
VW = 76
Type = 1
