Owned = true
Owner = Norman_Vojnovic
Price = 30000
Level = 3
Locked = false
Pos1 = 2115.494873
Pos2 = -1884.770751
Pos3 = 13.546875
VehiclePos1 = 2115.614501
VehiclePos2 = -1888.421630
VehiclePos3 = 13.126939
VehiclePos4 = 179.816406
VW = 55
Type = 0
