Owned = true
Owner = Kimi_Janjin
Price = 60000
Level = 4
Locked = false
Pos1 = 2530.617919
Pos2 = -1244.803710
Pos3 = 38.105476
VehiclePos1 = 2530.287109
VehiclePos2 = -1248.761718
VehiclePos3 = 37.133625
VehiclePos4 = 176.212692
VW = 4
Type = 1
