Owned = true
Owner = John_Devito
Price = 30000
Level = 3
Locked = false
Pos1 = 1909.652587
Pos2 = -1032.167236
Pos3 = 24.093507
VehiclePos1 = 1910.251831
VehiclePos2 = -1034.894165
VehiclePos3 = 23.689744
VehiclePos4 = 271.883056
VW = 73
Type = 0
