Owned = true
Owner = Nikola_Nixxy
Price = 30000
Level = 3
Locked = false
Pos1 = 2245.505615
Pos2 = -1963.004882
Pos3 = 13.548276
VehiclePos1 = 2245.872070
VehiclePos2 = -1966.778564
VehiclePos3 = 13.136934
VehiclePos4 = 183.268661
VW = 67
Type = 0
