Owned = true
Owner = GonZo
Price = 100000
Level = 5
Locked = false
Pos1 = 277.948333
Pos2 = -1256.995117
Pos3 = 73.923492
VehiclePos1 = 279.917083
VehiclePos2 = -1255.319458
VehiclePos3 = 73.613075
VehiclePos4 = 304.131500
VW = 78
Type = 2
