Owned = true
Owner = Vito_Mercury
Price = 60000
Level = 4
Locked = true
Pos1 = 2466.156738
Pos2 = -1244.803955
Pos3 = 26.058351
VehiclePos1 = 2466.308349
VehiclePos2 = -1248.898193
VehiclePos3 = 25.175655
VehiclePos4 = 180.424270
VW = 1
Type = 1
