Owned = true
Owner = Pablo_Eskobar
Price = 60000
Level = 4
Locked = false
Pos1 = 2849.781005
Pos2 = -1330.621704
Pos3 = 11.089815
VehiclePos1 = 2854.399902
VehiclePos2 = -1329.831298
VehiclePos3 = 10.747674
VehiclePos4 = 280.446716
VW = 10
Type = 1
