Owned = false
Owner = Drzava
Price = 60000
Level = 4
Locked = false
Pos1 = 1012.818969
Pos2 = -1463.773681
Pos3 = 13.561124
VehiclePos1 = 1012.504943
VehiclePos2 = -1460.182250
VehiclePos3 = 13.254066
VehiclePos4 = 2.010589
VW = 26
Type = 1
