Owned = true
Owner = Brian_Lethal
Price = 60000
Level = 4
Locked = false
Pos1 = 666.099914
Pos2 = -1424.807128
Pos3 = 14.851554
VehiclePos1 = 666.438415
VehiclePos2 = -1419.625366
VehiclePos3 = 14.062170
VehiclePos4 = 358.417755
VW = 19
Type = 1
