Owned = false
Owner = Drzava
Price = 60000
Level = 4
Locked = false
Pos1 = 2731.579833
Pos2 = -2004.543579
Pos3 = 13.554687
VehiclePos1 = 2731.767333
VehiclePos2 = -2000.539062
VehiclePos3 = 13.157204
VehiclePos4 = 358.726989
VW = 65
Type = 1
