Owned = true
Owner = Dzoni
Price = 100000
Level = 5
Locked = true
Pos1 = 1359.098510
Pos2 = -1635.362426
Pos3 = 13.497226
VehiclePos1 = 1361.484252
VehiclePos2 = -1635.227416
VehiclePos3 = 13.088141
VehiclePos4 = 272.512603
VW = 77
Type = 2
