Owned = true
Owner = Choda_Lethal
Price = 30000
Level = 3
Locked = false
Pos1 = 891.587646
Pos2 = -1801.118896
Pos3 = 13.799077
VehiclePos1 = 891.930969
VehiclePos2 = -1797.266113
VehiclePos3 = 13.369791
VehiclePos4 = 354.823211
VW = 51
Type = 0
