Owned = false
Owner = Drzava
Price = 60000
Level = 4
Locked = false
Pos1 = 2486.588623
Pos2 = -1244.772460
Pos3 = 31.495439
VehiclePos1 = 2486.672119
VehiclePos2 = -1248.734619
VehiclePos3 = 30.694530
VehiclePos4 = 179.992065
VW = 2
Type = 1
