Owned = true
Owner = Rambo_Anderson
Price = 30000
Level = 3
Locked = false
Pos1 = 2529.276367
Pos2 = -1197.769287
Pos3 = 56.849346
VehiclePos1 = 0.000000
VehiclePos2 = 0.000000
VehiclePos3 = 0.000000
VehiclePos4 = 0.000000
VW = 7
Type = 0
