Owned = true
Owner = Sinisa_Sojic
Price = 60000
Level = 4
Locked = false
Pos1 = 2726.593261
Pos2 = -2004.543701
Pos3 = 13.554686
VehiclePos1 = 2726.437255
VehiclePos2 = -2001.143310
VehiclePos3 = 13.256948
VehiclePos4 = 359.826416
VW = 66
Type = 1
