Owned = true
Owner = Nezim_Avdic
Price = 100000
Level = 5
Locked = false
Pos1 = 1073.985229
Pos2 = -1678.131225
Pos3 = 13.016812
VehiclePos1 = 1075.823486
VehiclePos2 = -1678.067016
VehiclePos3 = 12.711368
VehiclePos4 = 271.937561
VW = 11
Type = 2
