Owned = true
Owner = Richard_Suarez
Price = 30000
Level = 3
Locked = false
Pos1 = 1358.771728
Pos2 = -1658.902954
Pos3 = 13.555582
VehiclePos1 = 1361.321411
VehiclePos2 = -1659.088745
VehiclePos3 = 13.086222
VehiclePos4 = 270.143463
VW = 74
Type = 0
