Owned = true
Owner = Nemanja_Milijic
Price = 60000
Level = 4
Locked = false
Pos1 = 1358.812622
Pos2 = -1651.120727
Pos3 = 13.548277
VehiclePos1 = 1361.599487
VehiclePos2 = -1651.027587
VehiclePos3 = 13.088745
VehiclePos4 = 271.356719
VW = 75
Type = 1
