Owned = true
Owner = Josip_Sheen
Price = 30000
Level = 3
Locked = false
Pos1 = 894.004150
Pos2 = -1514.610595
Pos3 = 12.510492
VehiclePos1 = 893.734741
VehiclePos2 = -1518.745605
VehiclePos3 = 12.809735
VehiclePos4 = 178.818725
VW = 36
Type = 0
