Owned = false
Owner = Drzava
Price = 60000
Level = 4
Locked = false
Pos1 = 2750.803222
Pos2 = -2004.543457
Pos3 = 13.554687
VehiclePos1 = 2750.760498
VehiclePos2 = -2000.533325
VehiclePos3 = 13.139145
VehiclePos4 = 0.123230
VW = 61
Type = 1
