Owned = true
Owner = Veljko_Ognjenovic
Price = 30000
Level = 3
Locked = false
Pos1 = 2558.311767
Pos2 = -1197.516723
Pos3 = 60.992790
VehiclePos1 = 2558.738769
VehiclePos2 = -1193.089111
VehiclePos3 = 61.282714
VehiclePos4 = 0.641619
VW = 6
Type = 0
