Owned = true
Owner = Dzeki_Cortez
Price = 30000
Level = 3
Locked = false
Pos1 = 814.762329
Pos2 = -1505.197631
Pos3 = 12.577968
VehiclePos1 = 815.317260
VehiclePos2 = -1501.016113
VehiclePos3 = 12.768056
VehiclePos4 = 0.006285
VW = 39
Type = 0
