Owned = true
Owner = Joxy_Stallone
Price = 60000
Level = 4
Locked = false
Pos1 = 954.858703
Pos2 = -1449.149414
Pos3 = 13.546497
VehiclePos1 = 958.540588
VehiclePos2 = -1449.191772
VehiclePos3 = 13.189803
VehiclePos4 = 270.700775
VW = 31
Type = 1
