Owned = false
Owner = Drzava
Price = 60000
Level = 4
Locked = false
Pos1 = 823.471374
Pos2 = -1554.192626
Pos3 = 13.526693
VehiclePos1 = 823.395446
VehiclePos2 = -1550.922485
VehiclePos3 = 13.223793
VehiclePos4 = 0.069058
VW = 33
Type = 1
