Owned = true
Owner = Vincent_Moretta
Price = 30000
Level = 3
Locked = false
Pos1 = 890.757385
Pos2 = -1445.654541
Pos3 = 12.517331
VehiclePos1 = 890.831298
VehiclePos2 = -1441.622680
VehiclePos3 = 13.044322
VehiclePos4 = 358.295623
VW = 43
Type = 0
