Owned = true
Owner = Murat_Karayel
Price = 100000
Level = 5
Locked = false
Pos1 = 1114.692871
Pos2 = -1674.189575
Pos3 = 13.017319
VehiclePos1 = 1109.531494
VehiclePos2 = -1673.962036
VehiclePos3 = 12.711934
VehiclePos4 = 90.125579
VW = 12
Type = 2
