Owned = true
Owner = Pavlo_Putin
Price = 100000
Level = 5
Locked = true
Pos1 = 1024.956054
Pos2 = -774.253967
Pos3 = 102.949142
VehiclePos1 = 1025.068237
VehiclePos2 = -778.381347
VehiclePos3 = 102.829589
VehiclePos4 = 183.741043
VW = 21
Type = 2
