Owned = false
Owner = Drzava
Price = 100000
Level = 5
Locked = true
Pos1 = 1031.864257
Pos2 = -1451.693969
Pos3 = 13.554634
VehiclePos1 = 1027.358642
VehiclePos2 = -1451.741210
VehiclePos3 = 13.260367
VehiclePos4 = 91.588645
VW = 22
Type = 2
