Owned = true
Owner = Filip_Putin
Price = 100000
Level = 5
Locked = false
Pos1 = 1901.644897
Pos2 = -1031.515747
Pos3 = 23.934795
VehiclePos1 = 1900.839477
VehiclePos2 = -1034.036376
VehiclePos3 = 23.622728
VehiclePos4 = 91.387825
VW = 58
Type = 2
