Owned = true
Owner = FOX
Price = 100000
Level = 5
Locked = false
Pos1 = 678.354614
Pos2 = -1259.781005
Pos3 = 13.649517
VehiclePos1 = 675.106140
VehiclePos2 = -1259.459960
VehiclePos3 = 13.342427
VehiclePos4 = 89.074844
VW = 57
Type = 2
