Owned = false
Owner = Drzava
Price = 60000
Level = 4
Locked = false
Pos1 = 2741.013916
Pos2 = -2004.367675
Pos3 = 13.547199
VehiclePos1 = 2741.130126
VehiclePos2 = -2000.183349
VehiclePos3 = 13.143231
VehiclePos4 = 358.532714
VW = 63
Type = 1
