Owned = false
Owner = Drzava
Price = 100000
Level = 5
Locked = true
Pos1 = 1072.916015
Pos2 = -1647.735595
Pos3 = 13.017313
VehiclePos1 = 1076.652954
VehiclePos2 = -1647.663085
VehiclePos3 = 12.711618
VehiclePos4 = 270.606536
VW = 16
Type = 2
