Owned = false
Owner = Drzava
Price = 60000
Level = 4
Locked = true
Pos1 = 1655.110839
Pos2 = -1860.884399
Pos3 = 13.549057
VehiclePos1 = 1654.697631
VehiclePos2 = -1864.725097
VehiclePos3 = 13.239301
VehiclePos4 = 177.844467
VW = 46
Type = 1
