Owned = true
Owner = Nole_Scalleta
Price = 100000
Level = 5
Locked = true
Pos1 = 1579.117919
Pos2 = -1414.445556
Pos3 = 13.546875
VehiclePos1 = 1583.997802
VehiclePos2 = -1414.456420
VehiclePos3 = 13.304553
VehiclePos4 = 267.630767
VW = 47
Type = 2
