Owned = true
Owner = Savo_Vutra
Price = 30000
Level = 3
Locked = false
Pos1 = 2278.663818
Pos2 = -1963.002685
Pos3 = 13.565909
VehiclePos1 = 2278.498291
VehiclePos2 = -1966.760986
VehiclePos3 = 13.170466
VehiclePos4 = 178.587265
VW = 69
Type = 0
