Owned = true
Owner = Fiki_Jefferson
Price = 30000
Level = 3
Locked = false
Pos1 = 858.650939
Pos2 = -1798.241210
Pos3 = 13.814271
VehiclePos1 = 859.024414
VehiclePos2 = -1794.722412
VehiclePos3 = 13.553853
VehiclePos4 = 357.997070
VW = 52
Type = 0
