Owned = false
Owner = Drzava
Price = 60000
Level = 4
Locked = false
Pos1 = 2746.039306
Pos2 = -2004.537475
Pos3 = 13.554687
VehiclePos1 = 2745.940673
VehiclePos2 = -2001.052612
VehiclePos3 = 13.266951
VehiclePos4 = 359.937438
VW = 62
Type = 1
