Owned = true
Owner = Nikola_Rosic
Price = 30000
Level = 3
Locked = false
Pos1 = 848.945861
Pos2 = -1471.780883
Pos3 = 12.593585
VehiclePos1 = 848.560791
VehiclePos2 = -1475.906250
VehiclePos3 = 12.797042
VehiclePos4 = 177.916488
VW = 40
Type = 0
