Owned = true
Owner = Hector_Santa
Price = 30000
Level = 3
Locked = false
Pos1 = 2165.655761
Pos2 = -1884.772827
Pos3 = 13.546875
VehiclePos1 = 2165.338378
VehiclePos2 = -1888.624755
VehiclePos3 = 13.131770
VehiclePos4 = 178.270523
VW = 56
Type = 0
