Owned = false
Owner = Drzava
Price = 60000
Level = 4
Locked = false
Pos1 = 2736.340332
Pos2 = -2004.540893
Pos3 = 13.554687
VehiclePos1 = 2736.391845
VehiclePos2 = -2000.318603
VehiclePos3 = 13.152063
VehiclePos4 = 357.897308
VW = 64
Type = 1
