Owned = true
Owner = Vladan_Subotic
Price = 60000
Level = 4
Locked = true
Pos1 = 2755.614257
Pos2 = -2004.540893
Pos3 = 13.554685
VehiclePos1 = 2755.735839
VehiclePos2 = -2000.348754
VehiclePos3 = 13.163255
VehiclePos4 = 358.568206
VW = 60
Type = 1
