Owned = true
Owner = Haris_Orascanin
Price = 30000
Level = 3
Locked = false
Pos1 = 2547.156738
Pos2 = -1244.765869
Pos3 = 42.580806
VehiclePos1 = 2547.143798
VehiclePos2 = -1249.351684
VehiclePos3 = 41.844062
VehiclePos4 = 176.449981
VW = 5
Type = 0
