Owned = false
Owner = Drzava
Price = 60000
Level = 4
Locked = true
Pos1 = 2286.381103
Pos2 = -1982.927856
Pos3 = 13.568962
VehiclePos1 = 2286.495605
VehiclePos2 = -1979.414672
VehiclePos3 = 13.274859
VehiclePos4 = 359.999969
VW = 70
Type = 1
