Owned = false
Owner = Drzava
Price = 60000
Level = 4
Locked = false
Pos1 = 836.810363
Pos2 = -1554.189941
Pos3 = 13.448627
VehiclePos1 = 837.005065
VehiclePos2 = -1550.901000
VehiclePos3 = 13.186614
VehiclePos4 = 0.022686
VW = 34
Type = 1
