Owned = false
Owner = Drzava
Price = 60000
Level = 4
Locked = false
Pos1 = 1631.095458
Pos2 = -1862.642456
Pos3 = 13.546875
VehiclePos1 = 1630.784301
VehiclePos2 = -1866.667114
VehiclePos3 = 13.172291
VehiclePos4 = 178.506927
VW = 45
Type = 1
