Owned = true
Owner = Vule_Corleone
Price = 30000
Level = 3
Locked = false
Pos1 = 890.739440
Pos2 = -1472.796142
Pos3 = 12.488183
VehiclePos1 = 890.446716
VehiclePos2 = -1476.849243
VehiclePos3 = 12.789380
VehiclePos4 = 179.403503
VW = 41
Type = 0
