Owned = false
Owner = Drzava
Price = 60000
Level = 4
Locked = true
Pos1 = 2267.892333
Pos2 = -1982.935668
Pos3 = 13.559926
VehiclePos1 = 2268.094238
VehiclePos2 = -1979.136108
VehiclePos3 = 13.270504
VehiclePos4 = 0.019751
VW = 71
Type = 1
