Owned = true
Owner = Denardo_Devito
Price = 60000
Level = 4
Locked = false
Pos1 = 2760.300048
Pos2 = -2004.529663
Pos3 = 13.554683
VehiclePos1 = 2760.732910
VehiclePos2 = -2000.855957
VehiclePos3 = 13.170742
VehiclePos4 = 359.921783
VW = 59
Type = 1
