Owned = false
Owner = Drzava
Price = 60000
Level = 4
Locked = false
Pos1 = 1037.396484
Pos2 = -1463.774414
Pos3 = 13.579133
VehiclePos1 = 1037.916748
VehiclePos2 = -1460.371582
VehiclePos3 = 13.293087
VehiclePos4 = 0.353812
VW = 23
Type = 1
