Owned = true
Owner = Alexa_Legacy
Price = 30000
Level = 3
Locked = true
Pos1 = 849.059082
Pos2 = -1527.814086
Pos3 = 12.480768
VehiclePos1 = 853.527038
VehiclePos2 = -1528.022827
VehiclePos3 = 12.841300
VehiclePos4 = 267.044281
VW = 38
Type = 0
