Owned = true
Owner = Al_Shamali
Price = 60000
Level = 4
Locked = false
Pos1 = 1636.497192
Pos2 = -1520.783935
Pos3 = 13.597335
VehiclePos1 = 1636.326293
VehiclePos2 = -1524.892944
VehiclePos3 = 13.308047
VehiclePos4 = 181.724975
VW = 50
Type = 1
