Owned = false
Owner = Drzava
Price = 60000
Level = 4
Locked = false
Pos1 = 1005.511718
Pos2 = -1463.781494
Pos3 = 13.555805
VehiclePos1 = 1005.510986
VehiclePos2 = -1460.519653
VehiclePos3 = 13.252696
VehiclePos4 = 0.013957
VW = 27
Type = 1
