Owned = true
Owner = Ivo_Boskovicc
Price = 60000
Level = 4
Locked = false
Pos1 = 2512.483642
Pos2 = -1246.924194
Pos3 = 35.062500
VehiclePos1 = 2512.266357
VehiclePos2 = -1250.547729
VehiclePos3 = 34.679561
VehiclePos4 = 178.336074
VW = 3
Type = 1
