Owned = true
Owner = Cazim_Jusic
Price = 100000
Level = 5
Locked = false
Pos1 = 1072.797973
Pos2 = -1616.909179
Pos3 = 13.017321
VehiclePos1 = 1076.887451
VehiclePos2 = -1616.932495
VehiclePos3 = 12.711651
VehiclePos4 = 270.820648
VW = 15
Type = 2
