Owned = true
Owner = Don_Strong
Price = 100000
Level = 5
Locked = false
Pos1 = 1114.423217
Pos2 = -1612.556274
Pos3 = 13.017316
VehiclePos1 = 1110.213867
VehiclePos2 = -1612.470581
VehiclePos3 = 12.711812
VehiclePos4 = 90.971900
VW = 14
Type = 2
