Owned = true
Owner = Sehic_Ajdin
Price = 30000
Level = 3
Locked = true
Pos1 = 900.193054
Pos2 = -1454.919433
Pos3 = 12.514617
VehiclePos1 = 904.226379
VehiclePos2 = -1455.000854
VehiclePos3 = 12.802803
VehiclePos4 = 269.718933
VW = 42
Type = 0
