Owned = false
Owner = Drzava
Price = 60000
Level = 4
Locked = false
Pos1 = 1638.609985
Pos2 = -1862.638671
Pos3 = 13.546875
VehiclePos1 = 1638.611328
VehiclePos2 = -1866.365844
VehiclePos3 = 13.166810
VehiclePos4 = 181.022537
VW = 44
Type = 1
