Owned = true
Owner = Ale_Rascall
Price = 60000
Level = 4
Locked = false
Pos1 = 729.074523
Pos2 = -996.904235
Pos3 = 52.734375
VehiclePos1 = 724.450012
VehiclePos2 = -994.570007
VehiclePos3 = 52.329730
VehiclePos4 = 62.448860
VW = 20
Type = 1
