Owned = false
Owner = Drzava
Price = 60000
Level = 4
Locked = false
Pos1 = 1029.409179
Pos2 = -1463.779418
Pos3 = 13.573304
VehiclePos1 = 1029.379394
VehiclePos2 = -1460.515869
VehiclePos3 = 13.264061
VehiclePos4 = 359.937286
VW = 24
Type = 1
