Owned = true
Owner = Damon_Hill
Price = 60000
Level = 4
Locked = true
Pos1 = 2842.231933
Pos2 = -1287.701782
Pos3 = 19.250000
VehiclePos1 = 2846.454589
VehiclePos2 = -1287.095092
VehiclePos3 = 18.923439
VehiclePos4 = 278.782562
VW = 9
Type = 1
