Owned = true
Owner = Sparxxy_Sparklez
Price = 60000
Level = 4
Locked = false
Pos1 = 998.271362
Pos2 = -1463.773437
Pos3 = 13.550457
VehiclePos1 = 998.607116
VehiclePos2 = -1460.363525
VehiclePos3 = 13.252134
VehiclePos4 = 0.000000
VW = 28
Type = 1
