Owned = true
Owner = Soni_Sonito
Price = 30000
Level = 3
Locked = false
Pos1 = 2104.980957
Pos2 = -1884.772705
Pos3 = 13.546875
VehiclePos1 = 2104.942382
VehiclePos2 = -1889.051879
VehiclePos3 = 13.141842
VehiclePos4 = 180.744918
VW = 54
Type = 0
