Owned = true
Owner = Ryan_Higga
Price = 100000
Level = 5
Locked = false
Pos1 = 1114.557495
Pos2 = -1643.374755
Pos3 = 13.017320
VehiclePos1 = 1110.405639
VehiclePos2 = -1643.572998
VehiclePos3 = 12.711571
VehiclePos4 = 90.664787
VW = 13
Type = 2
