Owned = true
Owner = Marija_Magdalena
Price = 100000
Level = 5
Locked = false
Pos1 = -292.954101
Pos2 = 1740.326293
Pos3 = 42.687500
VehiclePos1 = -295.910095
VehiclePos2 = 1740.423706
VehiclePos3 = 42.392135
VehiclePos4 = 86.537147
VW = 79
Type = 2
