Owned = false
Owner = Drzava
Price = 100000
Level = 5
Locked = false
Pos1 = 981.955444
Pos2 = -1430.851196
Pos3 = 13.546875
VehiclePos1 = 981.878051
VehiclePos2 = -1434.474609
VehiclePos3 = 13.252262
VehiclePos4 = 180.000000
VW = 30
Type = 2
