Owned = true
Owner = Dzavaharlal_Shamali
Price = 60000
Level = 4
Locked = false
Pos1 = 1643.281372
Pos2 = -1520.751464
Pos3 = 13.559486
VehiclePos1 = 1643.187988
VehiclePos2 = -1524.637451
VehiclePos3 = 13.268358
VehiclePos4 = 181.210189
VW = 49
Type = 1
