Owned = true
Owner = Gojke_Putin
Price = 100000
Level = 5
Locked = false
Pos1 = 2852.074707
Pos2 = -1355.352661
Pos3 = 11.062500
VehiclePos1 = 2856.760986
VehiclePos2 = -1355.138183
VehiclePos3 = 10.775218
VehiclePos4 = 271.398803
VW = 8
Type = 2
