Owned = true
Owner = Matijasevic
Price = 100000
Level = 5
Locked = false
Pos1 = -293.126800
Pos2 = 1730.465820
Pos3 = 42.687500
VehiclePos1 = -296.206329
VehiclePos2 = 1730.606689
VehiclePos3 = 42.392478
VehiclePos4 = 89.346191
VW = 80
Type = 2
