Owned = true
Owner = Leonard_Price
Price = 60000
Level = 4
Locked = false
Pos1 = 651.750610
Pos2 = -1521.275756
Pos3 = 14.851557
VehiclePos1 = 647.824401
VehiclePos2 = -1521.530029
VehiclePos3 = 14.681077
VehiclePos4 = 92.672439
VW = 17
Type = 1
