Owned = false
Owner = Drzava
Price = 60000
Level = 4
Locked = false
Pos1 = 2249.328369
Pos2 = -1982.931640
Pos3 = 13.546875
VehiclePos1 = 2249.343261
VehiclePos2 = -1978.751586
VehiclePos3 = 13.124485
VehiclePos4 = 359.386749
VW = 72
Type = 1
