Owned = true
Owner = Mirza_Karasuljic
Price = 60000
Level = 4
Locked = false
Pos1 = 1021.172912
Pos2 = -1463.773925
Pos3 = 13.567243
VehiclePos1 = 1021.249633
VehiclePos2 = -1460.453613
VehiclePos3 = 13.257819
VehiclePos4 = 359.999847
VW = 25
Type = 1
