Owned = true
Owner = Carlos_Alvarez
Price = 60000
Level = 4
Locked = false
Pos1 = 651.752197
Pos2 = -1474.098510
Pos3 = 14.851559
VehiclePos1 = 648.094177
VehiclePos2 = -1473.969116
VehiclePos3 = 14.448746
VehiclePos4 = 90.756378
VW = 18
Type = 1
