Owned = true
Owner = Sinisa_Corleone
Price = 30000
Level = 3
Locked = true
Pos1 = 903.653259
Pos2 = -1505.238281
Pos3 = 12.577754
VehiclePos1 = 907.243652
VehiclePos2 = -1505.210937
VehiclePos3 = 13.040018
VehiclePos4 = 272.511718
VW = 35
Type = 0
