Owned = true
Owner = Amar_Putin
Price = 30000
Level = 3
Locked = false
Pos1 = 876.142578
Pos2 = -1505.240600
Pos3 = 12.510828
VehiclePos1 = 871.901611
VehiclePos2 = -1504.904052
VehiclePos3 = 12.816758
VehiclePos4 = 89.018188
VW = 37
Type = 0
