Owned = true
Owner = Sonny_Corleone
Price = 100000
Level = 5
Locked = false
Pos1 = 1442.392578
Pos2 = -1468.303466
Pos3 = 13.529272
VehiclePos1 = 1446.398925
VehiclePos2 = -1468.942016
VehiclePos3 = 13.078060
VehiclePos4 = 261.050445
VW = 48
Type = 2
