Owned = false
Owner = Drzava
Price = 100000
Level = 5
Locked = false
Pos1 = 996.501098
Pos2 = -1430.845947
Pos3 = 13.546875
VehiclePos1 = 996.278930
VehiclePos2 = -1434.574707
VehiclePos3 = 13.252172
VehiclePos4 = 181.086791
VW = 29
Type = 2
