Owned = false
Owner = Drzava
Price = 60000
Level = 4
Locked = false
Pos1 = 815.036193
Pos2 = -1554.181884
Pos3 = 13.575915
VehiclePos1 = 815.045898
VehiclePos2 = -1550.694946
VehiclePos3 = 13.255658
VehiclePos4 = 359.249816
VW = 32
Type = 1
