[Informacije]
Kupljen = 1
Cena = 450000
Vlasnik = Macak
Tip = 5
Zakljucana = 0
Novac = 4710
UlazX = 2244.283691
UlazY = -1665.537963
UlazZ = 15.476552
IzasaoX = 207.720397
IzasaoY = -110.546401
IzasaoZ = 1005.132812
Int = 0
VW = 0
Uinterioru = 15
Produkti = 10002
PProdukti = 0
CenaProdukta = 0
Uvw = 1
Ime = | Mackenzi | Store |
Level = 5
JobID = 0
Porez = 0
VrednostPoreza = 0
Neaktivnost = 16
