[Informacije]
Kupljen = 1
Cena = 400000
Vlasnik = Dusan_Ghettos
Tip = 1
Zakljucana = 0
Novac = 94420
UlazX = 1833.773925
UlazY = -1842.623535
UlazZ = 13.578125
IzasaoX = -30.907600
IzasaoY = -92.010398
IzasaoZ = 1003.546875
Int = 0
VW = 0
Uinterioru = 18
Produkti = 8196
PProdukti = 0
CenaProdukta = 350
Uvw = 10
Ime = Market 24/7
Level = 5
JobID = 0
Porez = 0
VrednostPoreza = 0
Neaktivnost = 15
