[Informacije]
Kupljen = 0
Cena = 650000
Vlasnik = Drzava
Tip = 13
Zakljucana = 1
Novac = 0
UlazX = 2105.435546
UlazY = -1806.546264
UlazZ = 13.554677
IzasaoX = 372.268188
IzasaoY = -133.510803
IzasaoZ = 1001.492187
Int = 0
VW = 0
Uinterioru = 5
Produkti = 9848
PProdukti = 0
CenaProdukta = 0
Uvw = 11
Ime = Kupujte kod Nemanje :)
Level = 6
JobID = 0
Porez = 0
VrednostPoreza = 0
Neaktivnost = 0
