[Informacije]
Kupljen = 1
Cena = 350000
Vlasnik = Acko_Bombas
Tip = 1
Zakljucana = 0
Novac = 19730
UlazX = 1352.338989
UlazY = -1759.251220
UlazZ = 13.507802
IzasaoX = -30.907600
IzasaoY = -92.010398
IzasaoZ = 1003.546875
Int = 0
VW = 0
Uinterioru = 18
Produkti = 5090
PProdukti = 30
CenaProdukta = 350
Uvw = 12
Ime = Maxi kod Bombasa
Level = 5
JobID = 0
Porez = 0
VrednostPoreza = 0
Neaktivnost = 7
