[Informacije]
Kupljen = 1
Cena = 450000
Vlasnik = Carlos_Mendez
Tip = 7
Zakljucana = 0
Novac = 56090
UlazX = 1296.076904
UlazY = -1871.186767
UlazZ = 14.184137
IzasaoX = 227.342803
IzasaoY = -8.243800
IzasaoZ = 1002.210876
Int = 0
VW = 0
Uinterioru = 5
Produkti = 10476
PProdukti = 0
CenaProdukta = 12000
Uvw = 13
Ime = Butik
Level = 5
JobID = 0
Porez = 0
VrednostPoreza = 0
Neaktivnost = 3
