[Informacije]
Kupljen = 1
Cena = 150000
Vlasnik = Jakov_Knele
Tip = 11
Zakljucana = 0
Novac = 2960
UlazX = 1577.092285
UlazY = -1582.644653
UlazZ = 13.546875
IzasaoX = 501.870788
IzasaoY = -67.582000
IzasaoZ = 998.757812
Int = 0
VW = 0
Uinterioru = 11
Produkti = 10082
PProdukti = 0
CenaProdukta = 0
Uvw = 14
Ime = Vrelo leto
Level = 5
JobID = 0
Porez = 0
VrednostPoreza = 0
Neaktivnost = 64
