[Informacije]
Kupljen = 1
Cena = 750000
Vlasnik = Eldad_Scalleta
Tip = 20
Zakljucana = 0
Novac = 14919
UlazX = 1000.585144
UlazY = -919.922607
UlazZ = 42.355880
IzasaoX = -27.366100
IzasaoY = -58.069198
IzasaoZ = 1003.546875
Int = 0
VW = 0
Uinterioru = 6
Produkti = 10098
PProdukti = 0
CenaProdukta = 0
Uvw = 15
Ime = Kupujte u Lokoil pumpi
Level = 5
JobID = 0
Porez = 0
VrednostPoreza = 0
Neaktivnost = 11
