[Informacije]
Kupljen = 0
Cena = 350000
Vlasnik = Drzava
Tip = 4
Zakljucana = 1
Novac = 160
UlazX = 928.915405
UlazY = -1352.907104
UlazZ = 13.343750
IzasaoX = 365.004608
IzasaoY = -11.838700
IzasaoZ = 1001.851623
Int = 0
VW = 0
Uinterioru = 9
Produkti = 10430
PProdukti = 0
CenaProdukta = 0
Uvw = 16
Ime = Pileci restoran
Level = 5
JobID = 0
Porez = 0
VrednostPoreza = 0
