[Informacije]
Kupljen = 0
Cena = 350000
Vlasnik = Drzava
Tip = 12
Zakljucana = 1
Novac = 0
UlazX = 1498.550292
UlazY = -1580.514770
UlazZ = 13.549818
IzasaoX = -794.850280
IzasaoY = 489.279693
IzasaoZ = 1376.195312
Int = 0
VW = 0
Uinterioru = 1
Produkti = 10553
PProdukti = 0
CenaProdukta = 1000
Uvw = 17
Ime = Restoran Habana
Level = 5
JobID = 0
Porez = 0
VrednostPoreza = 0
Neaktivnost = 0
