[Informacije]
Kupljen = 1
Cena = 2500000
Vlasnik = Milinko_Ghettos
Tip = 19
Zakljucana = 0
Novac = 34875
UlazX = 1191.170410
UlazY = -1652.011840
UlazZ = 13.945527
IzasaoX = 0.000000
IzasaoY = 0.000000
IzasaoZ = 0.000000
Int = 0
VW = 0
Uinterioru = 0
Produkti = 10100
PProdukti = 0
CenaProdukta = 0
Uvw = 18
Ime = Milinko BOG
Level = 12
JobID = 0
Porez = 0
VrednostPoreza = 0
Neaktivnost = 4
