[Informacije]
Kupljen = 1
Cena = 2500000
Vlasnik = Dovla_Nikolic
Tip = 19
Zakljucana = 0
Novac = 130500
UlazX = 987.630554
UlazY = -1349.152099
UlazZ = 13.584007
IzasaoX = 0.000000
IzasaoY = 0.000000
IzasaoZ = 0.000000
Int = 0
VW = 0
Uinterioru = 0
Produkti = 100
PProdukti = 0
CenaProdukta = 0
Uvw = 19
Ime = Jeftino i sigurno!
Level = 12
JobID = 0
Porez = 0
VrednostPoreza = 0
Neaktivnost = 18
