[Informacije]
Kupljen = 1
Cena = 500000
Vlasnik = Don_Strong
Tip = 13
Zakljucana = 0
Novac = 28350
UlazX = 1189.830810
UlazY = -905.684387
UlazZ = 43.276630
IzasaoX = 372.268188
IzasaoY = -133.510803
IzasaoZ = 1001.492187
Int = 0
VW = 0
Uinterioru = 5
Produkti = 14850
PProdukti = 0
CenaProdukta = 450
Uvw = 2
Ime = Burg
Level = 10
JobID = 0
Porez = 0
VrednostPoreza = 0
Neaktivnost = 5
