[Informacije]
Kupljen = 1
Cena = 800000
Vlasnik = Mihailo_Salvatore
Tip = 16
Zakljucana = 0
Novac = 4318
UlazX = 1445.213012
UlazY = -1260.414794
UlazZ = 13.546875
IzasaoX = 1149.086059
IzasaoY = -1912.638916
IzasaoZ = -40.610698
Int = 0
VW = 0
Uinterioru = 0
Produkti = 11397
PProdukti = 0
CenaProdukta = 0
Uvw = 20
Ime = Electronic Shop
Level = 10
JobID = 0
Porez = 0
VrednostPoreza = 0
Neaktivnost = 5
