[Informacije]
Kupljen = 1
Cena = 450000
Vlasnik = Jony_Maric
Tip = 6
Zakljucana = 0
Novac = 299969
UlazX = 1456.458007
UlazY = -1137.619018
UlazZ = 23.948303
IzasaoX = 161.410293
IzasaoY = -96.687202
IzasaoZ = 1001.804687
Int = 0
VW = 0
Uinterioru = 18
Produkti = 9377
PProdukti = 0
CenaProdukta = 1251
Uvw = 21
Ime = Maric Company
Level = 5
JobID = 0
Porez = 0
VrednostPoreza = 0
Neaktivnost = 16
