[Informacije]
Kupljen = 1
Cena = 1000000
Vlasnik = GonZo
Tip = 8
Zakljucana = 0
Novac = 18750
UlazX = 2112.814941
UlazY = -1211.460693
UlazZ = 23.962871
IzasaoX = 203.895294
IzasaoY = -50.656700
IzasaoZ = 1001.804687
Int = 0
VW = 0
Uinterioru = 1
Produkti = 10757
PProdukti = 0
CenaProdukta = 0
Uvw = 22
Ime = San Marino
Level = 10
JobID = 0
Porez = 0
VrednostPoreza = 0
Neaktivnost = 4
