[Informacije]
Kupljen = 1
Cena = 200000
Vlasnik = Alen_Tebrex
Tip = 17
Zakljucana = 1
Novac = 58532
UlazX = 1517.252441
UlazY = -1029.192382
UlazZ = 23.793664
IzasaoX = 0.000000
IzasaoY = 0.000000
IzasaoZ = 0.000000
Int = 0
VW = 0
Uinterioru = 0
Produkti = 100
PProdukti = 0
CenaProdukta = 0
Uvw = 23
Ime = TeBreX Company.DOO
Level = 5
JobID = 0
Porez = 0
VrednostPoreza = 0
Neaktivnost = 20
