[Informacije]
Kupljen = 1
Cena = 250000
Vlasnik = Nezim_Avdic
Tip = 10
Zakljucana = 0
Novac = 0
UlazX = 2229.961914
UlazY = -1721.317016
UlazZ = 13.561940
IzasaoX = 772.359375
IzasaoY = -5.515697
IzasaoZ = 1000.728576
Int = 0
VW = 0
Uinterioru = 5
Produkti = 10500
PProdukti = 0
CenaProdukta = 0
Uvw = 25
Ime = Teretana BLINKI
Level = 5
JobID = 0
Porez = 0
VrednostPoreza = 0
Neaktivnost = 3
