[Informacije]
Kupljen = 1
Cena = 200000
Vlasnik = Murat_Karayel
Tip = 17
Zakljucana = 0
Novac = 64050
UlazX = 1204.645751
UlazY = -1273.887451
UlazZ = 13.546875
IzasaoX = 0.000000
IzasaoY = 0.000000
IzasaoZ = 0.000000
Int = 0
VW = 0
Uinterioru = 0
Produkti = 100
PProdukti = 0
CenaProdukta = 0
Uvw = 27
Ime = Kupuj
Level = 5
JobID = 0
Porez = 0
VrednostPoreza = 0
Neaktivnost = 273
