[Informacije]
Kupljen = 1
Cena = 200000
Vlasnik = Nikola_Manic
Tip = 17
Zakljucana = 1
Novac = 10977
UlazX = 1021.508544
UlazY = -1334.177490
UlazZ = 13.541851
IzasaoX = 0.000000
IzasaoY = 0.000000
IzasaoZ = 0.000000
Int = 0
VW = 0
Uinterioru = 0
Produkti = 100
PProdukti = 0
CenaProdukta = 0
Uvw = 28
Ime = Kod maneta za Dzabe
Level = 5
JobID = 0
Porez = 0
VrednostPoreza = 0
Neaktivnost = 79
