[Informacije]
Kupljen = 1
Cena = 500000
Vlasnik = Jose_Montana
Tip = 1
Zakljucana = 0
Novac = 57730
UlazX = 1285.276733
UlazY = -1341.425781
UlazZ = 13.567934
IzasaoX = -30.907600
IzasaoY = -92.010398
IzasaoZ = 1003.546875
Int = 0
VW = 0
Uinterioru = 18
Produkti = 0
PProdukti = 0
CenaProdukta = 350
Uvw = 3
Ime = STR "INTEREX"
Level = 5
JobID = 0
Porez = 0
VrednostPoreza = 0
Neaktivnost = 5
