[Informacije]
Kupljen = 1
Cena = 200000
Vlasnik = Savin_Escobar
Tip = 17
Zakljucana = 0
Novac = 3697
UlazX = 1191.660156
UlazY = -1704.961669
UlazZ = 13.546875
IzasaoX = 0.000000
IzasaoY = 0.000000
IzasaoZ = 0.000000
Int = 0
VW = 0
Uinterioru = 0
Produkti = 100
PProdukti = 0
CenaProdukta = 0
Uvw = 30
Ime = Kod cika vinSe
Level = 5
JobID = 0
Porez = 0
VrednostPoreza = 0
Neaktivnost = 64
