[Informacije]
Kupljen = 0
Cena = 500000
Vlasnik = Drzava
Tip = 17
Zakljucana = 0
Novac = 7127
UlazX = 2261.945556
UlazY = -1309.172119
UlazZ = 23.984375
IzasaoX = 0.000000
IzasaoY = 0.000000
IzasaoZ = 0.000000
Int = 0
VW = 0
Uinterioru = 0
Produkti = 5100
PProdukti = 0
CenaProdukta = 0
Uvw = 31
Ime = > Firma na Licitaciji <
Level = 10
JobID = 0
Porez = 0
VrednostPoreza = 0
Neaktivnost = 0
