[Informacije]
Kupljen = 1
Cena = 750000
Vlasnik = Bryan_Hoyston
Tip = 20
Zakljucana = 0
Novac = 19908
UlazX = 1929.943359
UlazY = -1785.849975
UlazZ = 13.546875
IzasaoX = -27.366100
IzasaoY = -58.069198
IzasaoZ = 1003.546875
Int = 0
VW = 0
Uinterioru = 6
Produkti = 12100
PProdukti = 0
CenaProdukta = 0
Uvw = 33
Ime = Sipajte jeftino i kvalitetno :)
Level = 5
JobID = 0
Porez = 0
VrednostPoreza = 0
Neaktivnost = 6
