[Informacije]
Kupljen = 0
Cena = 400000
Vlasnik = Drzava
Tip = 19
Zakljucana = 1
Novac = 0
UlazX = 1333.741210
UlazY = -1266.177856
UlazZ = 13.550062
IzasaoX = 0.000000
IzasaoY = 0.000000
IzasaoZ = 0.000000
Int = 0
VW = 0
Uinterioru = 0
Produkti = 100
PProdukti = 0
CenaProdukta = 0
Uvw = 34
Ime = Rent a vehicle
Level = 5
JobID = 0
Neaktivnost = 0
