[Informacije]
Kupljen = 1
Cena = 500000
Vlasnik = Sinisa_Corleone
Tip = 1
Zakljucana = 0
Novac = 22500
UlazX = 1328.222412
UlazY = -1271.318359
UlazZ = 13.546875
IzasaoX = -30.907600
IzasaoY = -92.010398
IzasaoZ = 1003.546875
Int = 0
VW = 0
Uinterioru = 18
Produkti = 7918
PProdukti = 0
CenaProdukta = 0
Uvw = 35
Ime = NAJJAKI D.O.O
Level = 5
JobID = 0
Neaktivnost = 3
