[Informacije]
Kupljen = 0
Cena = 2000000
Vlasnik = Drzava
Tip = 22
Zakljucana = 0
Novac = 93553
UlazX = 1603.540649
UlazY = -1170.351196
UlazZ = 24.078125
IzasaoX = 1603.678710
IzasaoY = -1172.805175
IzasaoZ = 24.365800
Int = 0
VW = 0
Uinterioru = 0
Produkti = 100
PProdukti = 0
CenaProdukta = 0
Uvw = 0
Ime = Kladionica
Level = 99
JobID = 0
Neaktivnost = 0
