[Informacije]
Kupljen = 0
Cena = 2000000
Vlasnik = Drzava
Tip = 21
Zakljucana = 0
Novac = 227080
UlazX = 2204.935058
UlazY = -1151.145874
UlazZ = 29.796875
IzasaoX = -2385.026611
IzasaoY = 999.637207
IzasaoZ = -20.534999
Int = 0
VW = 0
Uinterioru = 6
Produkti = 38
PProdukti = 0
CenaProdukta = 0
Uvw = 0
Ime = Javna Kuca
Level = 99
JobID = 0
Neaktivnost = 0
