[Informacije]
Kupljen = 1
Cena = 450000
Vlasnik = Wesley_Charlton
Tip = 5
Zakljucana = 0
Novac = 2176
UlazX = 1699.848144
UlazY = -1171.055419
UlazZ = 23.833229
IzasaoX = 1699.892333
IzasaoY = -1172.087158
IzasaoZ = 23.858400
Int = 0
VW = 0
Uinterioru = 0
Produkti = 76
PProdukti = 100
CenaProdukta = 1500
Uvw = 0
Ime = NewYorker
Level = 5
JobID = 0
Neaktivnost = 11
