[Informacije]
Kupljen = 0
Cena = 15000000
Vlasnik = Drzava
Tip = 18
Zakljucana = 0
Novac = 1867
UlazX = 1936.036743
UlazY = -1578.066772
UlazZ = 13.716064
IzasaoX = 0.000000
IzasaoY = 0.000000
IzasaoZ = 0.000000
Int = 0
VW = 0
Uinterioru = 0
Produkti = 100
PProdukti = 0
CenaProdukta = 0
Uvw = 39
Ime = Firma - Mehanicar
Level = 99
JobID = 1
Neaktivnost = 0
