[Informacije]
Kupljen = 1
Cena = 1200000
Vlasnik = Kr3jz1.
Tip = 9
Zakljucana = 0
Novac = 628360
UlazX = 1368.998046
UlazY = -1279.707763
UlazZ = 13.546875
IzasaoX = 315.762786
IzasaoY = -143.661193
IzasaoZ = 999.601623
Int = 0
VW = 0
Uinterioru = 7
Produkti = 18157
PProdukti = 0
CenaProdukta = 2000
Uvw = 4
Ime = GUNSHOP SAN MARINO
Level = 999
JobID = 0
Porez = 0
VrednostPoreza = 0
Neaktivnost = 0
