[Informacije]
Kupljen = 0
Cena = 15000000
Vlasnik = Drzava
Tip = 18
Zakljucana = 0
Novac = 11150
UlazX = 1958.608398
UlazY = -1184.486816
UlazZ = 19.365623
IzasaoX = 0.000000
IzasaoY = 0.000000
IzasaoZ = 0.000000
Int = 0
VW = 0
Uinterioru = 0
Produkti = 100
PProdukti = 0
CenaProdukta = 0
Uvw = 40
Ime = Firma - Kosac Trave
Level = 99
JobID = 4
Neaktivnost = 0
