[Informacije]
Kupljen = 0
Cena = 15000000
Vlasnik = Drzava
Tip = 18
Zakljucana = 0
Novac = 70891
UlazX = -74.697372
UlazY = -1135.642578
UlazZ = 1.078125
IzasaoX = 0.000000
IzasaoY = 0.000000
IzasaoZ = 0.000000
Int = 0
VW = 0
Uinterioru = 0
Produkti = 100
PProdukti = 0
CenaProdukta = 0
Uvw = 41
Ime = Firma - Prevoznik
Level = 99
JobID = 3
Neaktivnost = 0
