[Informacije]
Kupljen = 0
Cena = 15000000
Vlasnik = Drzava
Tip = 18
Zakljucana = 0
Novac = 12560
UlazX = 1892.720214
UlazY = -2326.435302
UlazZ = 13.546875
IzasaoX = 0.000000
IzasaoY = 0.000000
IzasaoZ = 0.000000
Int = 0
VW = 0
Uinterioru = 0
Produkti = 100
PProdukti = 0
CenaProdukta = 0
Uvw = 42
Ime = Firma - Pilot
Level = 99
JobID = 8
Neaktivnost = 0
