[Informacije]
Kupljen = 0
Cena = 15000000
Vlasnik = Drzava
Tip = 18
Zakljucana = 0
Novac = 3581
UlazX = 2390.155517
UlazY = -1271.160522
UlazZ = 25.561838
IzasaoX = 0.000000
IzasaoY = 0.000000
IzasaoZ = 0.000000
Int = 0
VW = 0
Uinterioru = 0
Produkti = 100
PProdukti = 0
CenaProdukta = 0
Uvw = 43
Ime = Firma - Gradjevinar
Level = 99
JobID = 6
Neaktivnost = 0
