[Informacije]
Kupljen = 0
Cena = 15000000
Vlasnik = Drzava
Tip = 18
Zakljucana = 0
Novac = 0
UlazX = 957.253051
UlazY = -1735.635986
UlazZ = 14.530046
IzasaoX = 0.000000
IzasaoY = 0.000000
IzasaoZ = 0.000000
Int = 0
VW = 0
Uinterioru = 0
Produkti = 100
PProdukti = 0
CenaProdukta = 0
Uvw = 45
Ime = Firma - Bus vozac
Level = 99
JobID = 10
Neaktivnost = 0
