[Informacije]
Kupljen = 0
Cena = 15000000
Vlasnik = Drzava
Tip = 18
Zakljucana = 0
Novac = 2594
UlazX = -1061.090454
UlazY = -1202.626464
UlazZ = 129.218750
IzasaoX = 0.000000
IzasaoY = 0.000000
IzasaoZ = 0.000000
Int = 0
VW = 0
Uinterioru = 0
Produkti = 100
PProdukti = 0
CenaProdukta = 0
Uvw = 46
Ime = Firma - Farmer
Level = 99
JobID = 9
Neaktivnost = 0
