[Informacije]
Kupljen = 0
Cena = 350000
Vlasnik = Drzava
Tip = 3
Zakljucana = 0
Novac = 54650
UlazX = 810.484985
UlazY = -1616.187377
UlazZ = 13.546875
IzasaoX = 363.147796
IzasaoY = -75.169799
IzasaoZ = 1001.507812
Int = 0
VW = 0
Uinterioru = 10
Produkti = 9906
PProdukti = 0
CenaProdukta = 0
Uvw = 6
Ime = Burg
Level = 5
JobID = 0
Porez = 0
VrednostPoreza = 0
Neaktivnost = 0
