[Informacije]
Kupljen = 0
Cena = 200000
Vlasnik = Drzava
Tip = 15
Zakljucana = 0
Novac = 11090
UlazX = 1022.450805
UlazY = -1121.420776
UlazZ = 23.870140
IzasaoX = 493.439300
IzasaoY = -24.916900
IzasaoZ = 1000.671875
Int = 0
VW = 0
Uinterioru = 17
Produkti = 10015
PProdukti = 0
CenaProdukta = 150
Uvw = 7
Ime = Kod Mare & Lole
Level = 5
JobID = 0
Porez = 0
VrednostPoreza = 0
Neaktivnost = 0
