[Informacije]
Kupljen = 1
Cena = 850000
Vlasnik = Roger_Federer
Tip = 9
Zakljucana = 0
Novac = 12960
UlazX = 1791.841064
UlazY = -1163.119750
UlazZ = 23.828125
IzasaoX = 315.762786
IzasaoY = -143.661193
IzasaoZ = 999.601623
Int = 0
VW = 0
Uinterioru = 7
Produkti = 9792
PProdukti = 0
CenaProdukta = 1400
Uvw = 8
Ime = Ammunation
Level = 10
JobID = 0
Porez = 0
VrednostPoreza = 0
Neaktivnost = 102
