[Informacije]
Kupljen = 1
Cena = 200000
Vlasnik = Sonny_Corleone
Tip = 14
Zakljucana = 0
Novac = 2765
UlazX = 1836.949218
UlazY = -1682.496826
UlazZ = 13.326581
IzasaoX = -2636.578125
IzasaoY = 1402.793579
IzasaoZ = 906.460876
Int = 0
VW = 0
Uinterioru = 3
Produkti = 9916
PProdukti = 0
CenaProdukta = 150
Uvw = 9
Ime = Nocni klub Alhambra
Level = 5
JobID = 0
Porez = 0
VrednostPoreza = 0
Neaktivnost = 3
