[Informacije]
Kupljen = 1
Cena = 485000
Vlasnik = Emin_Lacoste
Zakljucana = 0
LokacijaX = 974.892333
LokacijaY = -1290.313598
LokacijaZ = 12.962306
LokacijaA = 180.864120
VirtualWorld = 0
Interior = 0
Koriscenje = 1
Posao = 0
Orga = 0
Boja1 = 6
Boja2 = 6
Model = 589
Reg = 1
Teh = 1
GPS = 2
Osiguranje = 5
Lock = 0
Alarm = 2
Fuel = 40
Neon = 18648
Tuned = 1
Imobilizator = 1
Spoiler = 1000
Hood = 1005
Roof = 1006
Skirt = 1007
Lamps = 1024
Nitro = 1010
Exhaust = 1018
Wheels = 1074
Stereo = 1086
Hydraulics = 1087
FrontBumper = 0
RearBumper = 0
Vents = 1145
PaintJob = 255
Provera = 1161
ID = 758
Drug1 = 4
Drug2 = 487
Drug3 = 0
Drug4 = 0
Drug5 = 0
Drug6 = 0
DrugCode1 = 6977
DrugCode2 = 3976
DrugCode3 = 0
DrugCode4 = 0
DrugCode5 = 0
DrugCode6 = 0
Melee = 0
Weap1 = 30
Ammo1 = 129
Weap2 = 29
Ammo2 = 150
Gajbica1 = -1
Gajbica2 = -1
Gajbica3 = -1
Gajbica4 = -1
Gajbica5 = -1
GajbicaKolicina1 = 0
GajbicaKolicina2 = 0
GajbicaKolicina3 = 0
GajbicaKolicina4 = 0
GajbicaKolicina5 = 0
Neaktivnost = 411
Kilometri = 73
Metri = 301
