[Informacije]
Kupljen = 1
Cena = 180000
Vlasnik = Antony_Smith
Zakljucana = 1
LokacijaX = 2157.737792
LokacijaY = -1808.867187
LokacijaZ = 13.177536
LokacijaA = 270.409545
VirtualWorld = 0
Interior = 0
Koriscenje = 1
Posao = 0
Orga = 0
Boja1 = 14
Boja2 = 30
Model = 401
Reg = 1
Teh = 0
GPS = 2
Osiguranje = 5
Lock = 4
Alarm = 3
Fuel = 40
Neon = 18649
Tuned = 1
Imobilizator = 5
Spoiler = 1003
Hood = 1005
Roof = 1006
Skirt = 1007
Lamps = 1013
Nitro = 1010
Exhaust = 1020
Wheels = 1085
Stereo = 0
Hydraulics = 0
FrontBumper = 0
RearBumper = 0
Vents = 1145
PaintJob = 255
Provera = 1209
ID = 779
Drug1 = 100
Drug2 = 40
Drug3 = 20
Drug4 = 10
Drug5 = 0
Drug6 = 0
DrugCode1 = 6976
DrugCode2 = 6978
DrugCode3 = 6978
DrugCode4 = 6976
DrugCode5 = 0
DrugCode6 = 0
Melee = 0
Weap1 = 0
Ammo1 = 0
Weap2 = 0
Ammo2 = 0
Gajbica1 = -1
Gajbica2 = -1
Gajbica3 = -1
Gajbica4 = -1
Gajbica5 = -1
GajbicaKolicina1 = 0
GajbicaKolicina2 = 0
GajbicaKolicina3 = 0
GajbicaKolicina4 = 0
GajbicaKolicina5 = 0
Neaktivnost = 275
Kilometri = 158
Metri = 399
