[Informacije]
Kupljen = 1
Cena = 520000
Vlasnik = Momir_Vasquez
Zakljucana = 1
LokacijaX = 2010.512573
LokacijaY = -1636.863037
LokacijaZ = 13.133831
LokacijaA = 124.475662
VirtualWorld = 0
Interior = 0
Koriscenje = 1
Posao = 0
Orga = 0
Boja1 = 16
Boja2 = 0
Model = 558
Reg = 0
Teh = 0
GPS = 1
Osiguranje = 5
Lock = 0
Alarm = 0
Fuel = 40
Neon = 18647
Tuned = 1
Imobilizator = 0
Spoiler = 1164
Hood = 0
Roof = 1091
Skirt = 1090
Lamps = 0
Nitro = 1010
Exhaust = 1089
Wheels = 1073
Stereo = 1086
Hydraulics = 1087
FrontBumper = 1165
RearBumper = 1167
Vents = 0
PaintJob = 1
Provera = 612
ID = 577
Drug1 = 300
Drug2 = 500
Drug3 = 500
Drug4 = 500
Drug5 = 0
Drug6 = 0
DrugCode1 = 6972
DrugCode2 = 6972
DrugCode3 = 6972
DrugCode4 = 6972
DrugCode5 = 0
DrugCode6 = 0
Melee = 0
Weap1 = 0
Ammo1 = 0
Weap2 = 0
Ammo2 = 0
Gajbica1 = -1
Gajbica2 = -1
Gajbica3 = -1
Gajbica4 = -1
Gajbica5 = -1
GajbicaKolicina1 = 0
GajbicaKolicina2 = 0
GajbicaKolicina3 = 0
GajbicaKolicina4 = 0
GajbicaKolicina5 = 0
Neaktivnost = 122
Kilometri = 526
Metri = 336
