[Informacije]
Kupljen = 1
Cena = 610000
Vlasnik = Mladen_Knez
Zakljucana = 1
LokacijaX = 1041.105957
LokacijaY = -639.724975
LokacijaZ = 119.773612
LokacijaA = 343.167144
VirtualWorld = 0
Interior = 0
Koriscenje = 1
Posao = 0
Orga = 0
Boja1 = 6
Boja2 = 3
Model = 559
Reg = 0
Teh = 0
GPS = 1
Osiguranje = 5
Lock = 0
Alarm = 0
Fuel = 40
Neon = 18652
Tuned = 1
Imobilizator = 0
Spoiler = 1158
Hood = 0
Roof = 1067
Skirt = 1069
Lamps = 0
Nitro = 1010
Exhaust = 1065
Wheels = 1080
Stereo = 0
Hydraulics = 1087
FrontBumper = 1160
RearBumper = 1159
Vents = 0
PaintJob = 2
Provera = 658
ID = 610
Drug1 = 87
Drug2 = 200
Drug3 = 200
Drug4 = 400
Drug5 = 50
Drug6 = 0
DrugCode1 = 6979
DrugCode2 = 6979
DrugCode3 = 6979
DrugCode4 = 6979
DrugCode5 = 6979
DrugCode6 = 0
Melee = 0
Weap1 = 0
Ammo1 = 0
Weap2 = 0
Ammo2 = 0
Gajbica1 = -1
Gajbica2 = -1
Gajbica3 = -1
Gajbica4 = -1
Gajbica5 = -1
GajbicaKolicina1 = 0
GajbicaKolicina2 = 0
GajbicaKolicina3 = 0
GajbicaKolicina4 = 0
GajbicaKolicina5 = 0
Neaktivnost = 16
Kilometri = 643
Metri = 450
