[Informacije]
Kupljen = 1
Cena = 410000
Vlasnik = Ellena_Ellez
Zakljucana = 1
LokacijaX = 1232.993530
LokacijaY = -1731.289794
LokacijaZ = 13.681053
LokacijaA = 357.177093
VirtualWorld = 0
Interior = 0
Koriscenje = 1
Posao = 0
Orga = 0
Boja1 = 0
Boja2 = 1
Model = 489
Reg = 1
Teh = 0
GPS = 2
Osiguranje = 5
Lock = 0
Alarm = 0
Fuel = 40
Neon = 18648
Tuned = 1
Imobilizator = 0
Spoiler = 1016
Hood = 1004
Roof = 1006
Skirt = 0
Lamps = 1024
Nitro = 1010
Exhaust = 1018
Wheels = 1085
Stereo = 0
Hydraulics = 1087
FrontBumper = 0
RearBumper = 0
Vents = 0
PaintJob = 255
Provera = 721
ID = 648
Drug1 = 1
Drug2 = 1
Drug3 = 1
Drug4 = 1
Drug5 = 1
Drug6 = 20
DrugCode1 = 6977
DrugCode2 = 3974
DrugCode3 = 6973
DrugCode4 = 3974
DrugCode5 = 3974
DrugCode6 = 3974
Melee = 0
Weap1 = 29
Ammo1 = 147
Weap2 = 29
Ammo2 = 293
Gajbica1 = -1
Gajbica2 = -1
Gajbica3 = -1
Gajbica4 = -1
Gajbica5 = -1
GajbicaKolicina1 = 0
GajbicaKolicina2 = 0
GajbicaKolicina3 = 0
GajbicaKolicina4 = 0
GajbicaKolicina5 = 0
Neaktivnost = 215
Kilometri = 98
Metri = 565
