[Informacije]
Kupljen = 1
Cena = 210000
Vlasnik = Josip_Sheen
Zakljucana = 0
LokacijaX = 903.997924
LokacijaY = -1520.781738
LokacijaZ = 13.231225
LokacijaA = 174.948043
VirtualWorld = 0
Interior = 0
Koriscenje = 1
Posao = 0
Orga = 0
Boja1 = 128
Boja2 = 128
Model = 546
Reg = 0
Teh = 0
GPS = 1
Osiguranje = 5
Lock = 0
Alarm = 0
Fuel = 40
Neon = 0
Tuned = 1
Imobilizator = 0
Spoiler = 1023
Hood = 1004
Roof = 1006
Skirt = 1007
Lamps = 1024
Nitro = 1010
Exhaust = 1018
Wheels = 1097
Stereo = 1086
Hydraulics = 1087
FrontBumper = 0
RearBumper = 0
Vents = 1143
PaintJob = 255
Provera = 922
ID = 755
Drug1 = 5
Drug2 = 5
Drug3 = 3
Drug4 = 3
Drug5 = 1
Drug6 = 0
DrugCode1 = 3982
DrugCode2 = 3978
DrugCode3 = 3981
DrugCode4 = 3977
DrugCode5 = 3977
DrugCode6 = 0
Melee = 5
Weap1 = 24
Ammo1 = 352
Weap2 = 24
Ammo2 = 100
Gajbica1 = -1
Gajbica2 = -1
Gajbica3 = -1
Gajbica4 = -1
Gajbica5 = -1
GajbicaKolicina1 = 0
GajbicaKolicina2 = 0
GajbicaKolicina3 = 0
GajbicaKolicina4 = 0
GajbicaKolicina5 = 0
Neaktivnost = 36
Kilometri = 8
Metri = 999
