Owned = 1
Owner = Vitomir_Vukovic
Usage = 1
Enter1 = 1442.516113
Enter2 = -628.830383
Enter3 = 95.718566
Exit1 = 1915.924804
Exit2 = -371.074890
Exit3 = 7.406898
Price = 750000
Locked = 0
Interior = 10
VW = 1
Vrsta = 3
Ormar = 1
Skin1 = 289
Skin2 = 137
Skin3 = 0
SafeStatus = 1
SafePass = 491999
Oruzje1 = 34
Oruzje2 = 0
Oruzje3 = 0
Oruzje4 = 0
Municija1 = 500
Municija2 = 0
Municija3 = 0
Municija4 = 0
Drug1 = 100
Drug2 = 0
Drug3 = 0
Drug4 = 0
Drug5 = 0
Drug6 = 0
Drug7 = 0
Drug8 = 500
Drug9 = 500
Drug10 = 0
DrugCode1 = 6974
DrugCode2 = 0
DrugCode3 = 0
DrugCode4 = 0
DrugCode5 = 0
DrugCode6 = 0
DrugCode7 = 0
DrugCode8 = 6973
DrugCode9 = 6972
DrugCode10 = 0
DoorLevel = 5
Alarm = 2
LockLevel = 1
Time = 0
PizzaTime = 0.000000
Level = 5
Adress = Mulholland
Porez = 0
VrednostPoreza = 0
Rentable = 1
RentPrice = 1
Rentovano = 2
Money = 165
Neaktivnost = 74
