Owned = 1
Owner = Al_Shamali
Usage = 1
Enter1 = 1258.686401
Enter2 = -785.327209
Enter3 = 92.030181
Exit1 = 2321.835449
Exit2 = -373.050903
Exit3 = 22.105899
Price = 1000000
Locked = 0
Interior = 12
VW = 111
Vrsta = 4
Ormar = 0
Skin1 = 0
Skin2 = 0
Skin3 = 0
SafeStatus = 1
SafePass = 180597
Oruzje1 = 34
Oruzje2 = 31
Oruzje3 = 29
Oruzje4 = 24
Municija1 = 500
Municija2 = 381
Municija3 = 150
Municija4 = 150
Drug1 = 0
Drug2 = 0
Drug3 = 0
Drug4 = 0
Drug5 = 0
Drug6 = 0
Drug7 = 500
Drug8 = 0
Drug9 = 250
Drug10 = 0
DrugCode1 = 0
DrugCode2 = 0
DrugCode3 = 0
DrugCode4 = 0
DrugCode5 = 0
DrugCode6 = 0
DrugCode7 = 1999
DrugCode8 = 0
DrugCode9 = 1999
DrugCode10 = 0
DoorLevel = 0
Alarm = 0
LockLevel = 0
Time = 0
PizzaTime = 0.000000
Level = 99
Adress = Mulholland
Porez = 0
VrednostPoreza = 0
Rentable = 1
RentPrice = 100
Rentovano = 5
Money = 0
Neaktivnost = 14
