Owned = 1
Owner = Shomy_Lavezzi
Usage = 2
Enter1 = 1732.827392
Enter2 = -1582.023193
Enter3 = 14.155447
Exit1 = 1345.667724
Exit2 = -1021.830871
Exit3 = -31.141099
Price = 100000
Locked = 0
Interior = 5
VW = 117
Vrsta = 0
Ormar = 1
Skin1 = 180
Skin2 = 0
Skin3 = 171
SafeStatus = 1
SafePass = 111111
Oruzje1 = 29
Oruzje2 = 0
Oruzje3 = 0
Oruzje4 = 0
Municija1 = 1
Municija2 = 0
Municija3 = 0
Municija4 = 0
Drug1 = 0
Drug2 = 0
Drug3 = 0
Drug4 = 0
Drug5 = 0
Drug6 = 0
Drug7 = 0
Drug8 = 0
Drug9 = 0
Drug10 = 0
DrugCode1 = 0
DrugCode2 = 0
DrugCode3 = 0
DrugCode4 = 0
DrugCode5 = 0
DrugCode6 = 0
DrugCode7 = 0
DrugCode8 = 0
DrugCode9 = 0
DrugCode10 = 0
DoorLevel = 5
Alarm = 3
LockLevel = 4
Time = 0
PizzaTime = 0.000000
Level = 3
Adress = Commerce
Porez = 0
VrednostPoreza = 0
Rentable = 1
RentPrice = 1000
Rentovano = 5
Money = 2505
Neaktivnost = 111
