Owned = 1
Owner = TeRRoR
Usage = 2
Enter1 = 2164.784179
Enter2 = -1819.691894
Enter3 = 16.140625
Exit1 = 1345.667724
Exit2 = -1021.830871
Exit3 = -31.141099
Price = 100000
Locked = 0
Interior = 5
VW = 12
Vrsta = 0
Ormar = 1
Skin1 = 294
Skin2 = 120
Skin3 = 294
SafeStatus = 1
SafePass = 123456
Oruzje1 = 26
Oruzje2 = 27
Oruzje3 = 24
Oruzje4 = 24
Municija1 = 410
Municija2 = 150
Municija3 = 100
Municija4 = 177
Drug1 = 500
Drug2 = 500
Drug3 = 300
Drug4 = 91
Drug5 = 50
Drug6 = 0
Drug7 = 0
Drug8 = 0
Drug9 = 0
Drug10 = 0
DrugCode1 = 3973
DrugCode2 = 3973
DrugCode3 = 3973
DrugCode4 = 3973
DrugCode5 = 6979
DrugCode6 = 0
DrugCode7 = 0
DrugCode8 = 0
DrugCode9 = 0
DrugCode10 = 0
DoorLevel = 0
Alarm = 3
LockLevel = 0
Time = 0
PizzaTime = 0.000000
Level = 3
Adress = Idlewood
Porez = 0
VrednostPoreza = 0
Rentable = 1
RentPrice = 100
Rentovano = 0
Money = 0
Neaktivnost = 17
