Owned = 1
Owner = Dzoni_Makaveli
Usage = 1
Enter1 = 1034.843994
Enter2 = -813.170227
Enter3 = 101.851562
Exit1 = 1915.924804
Exit2 = -371.074890
Exit3 = 7.406898
Price = 750000
Locked = 1
Interior = 10
VW = 129
Vrsta = 3
Ormar = 0
Skin1 = 0
Skin2 = 0
Skin3 = 0
SafeStatus = 1
SafePass = 123456
Oruzje1 = 0
Oruzje2 = 0
Oruzje3 = 0
Oruzje4 = 0
Municija1 = 0
Municija2 = 0
Municija3 = 0
Municija4 = 0
Drug1 = 0
Drug2 = 0
Drug3 = 0
Drug4 = 0
Drug5 = 0
Drug6 = 0
Drug7 = 0
Drug8 = 0
Drug9 = 0
Drug10 = 0
DrugCode1 = 0
DrugCode2 = 0
DrugCode3 = 0
DrugCode4 = 0
DrugCode5 = 0
DrugCode6 = 0
DrugCode7 = 0
DrugCode8 = 0
DrugCode9 = 0
DrugCode10 = 0
DoorLevel = 2
Alarm = 0
LockLevel = 0
Time = 0
PizzaTime = 0.000000
Level = 5
Adress = Mulholland
Porez = 0
VrednostPoreza = 0
Rentable = 1
RentPrice = 1000
Rentovano = 1
Money = 0
Neaktivnost = 4
