Owned = 1
Owner = Marko_Boss
Usage = 2
Enter1 = 2151.971435
Enter2 = -1819.696166
Enter3 = 16.140625
Exit1 = 1345.667724
Exit2 = -1021.830871
Exit3 = -31.141099
Price = 100000
Locked = 1
Interior = 5
VW = 14
Vrsta = 0
Ormar = 1
Skin1 = 134
Skin2 = 154
Skin3 = 134
SafeStatus = 0
SafePass = 159357
Oruzje1 = 25
Oruzje2 = 0
Oruzje3 = 0
Oruzje4 = 0
Municija1 = 100
Municija2 = 0
Municija3 = 0
Municija4 = 0
Drug1 = 4
Drug2 = 5
Drug3 = 500
Drug4 = 145
Drug5 = 500
Drug6 = 287
Drug7 = 100
Drug8 = 0
Drug9 = 0
Drug10 = 0
DrugCode1 = 6977
DrugCode2 = 6977
DrugCode3 = 6975
DrugCode4 = 6976
DrugCode5 = 6975
DrugCode6 = 6975
DrugCode7 = 6975
DrugCode8 = 0
DrugCode9 = 0
DrugCode10 = 0
DoorLevel = 0
Alarm = 0
LockLevel = 0
Time = 0
PizzaTime = 0.000000
Level = 3
Adress = Idlewood
Porez = 0
VrednostPoreza = 0
Rentable = 1
RentPrice = 200
Rentovano = 0
Money = 0
Neaktivnost = 18
