Owned = 0
Owner = Drzava
Usage = 2
Enter1 = 2296.568603
Enter2 = -1882.010253
Enter3 = 14.234375
Exit1 = 1345.667724
Exit2 = -1021.830871
Exit3 = -31.141099
Price = 100000
Locked = 0
Interior = 5
VW = 141
Vrsta = 0
Ormar = 1
Skin1 = 99
Skin2 = 217
Skin3 = 292
SafeStatus = 1
SafePass = 123456
Oruzje1 = 25
Oruzje2 = 0
Oruzje3 = 0
Oruzje4 = 0
Municija1 = 200
Municija2 = 0
Municija3 = 0
Municija4 = 0
Drug1 = 0
Drug2 = 0
Drug3 = 0
Drug4 = 0
Drug5 = 0
Drug6 = 0
Drug7 = 0
Drug8 = 0
Drug9 = 0
Drug10 = 0
DrugCode1 = 0
DrugCode2 = 0
DrugCode3 = 0
DrugCode4 = 0
DrugCode5 = 0
DrugCode6 = 0
DrugCode7 = 0
DrugCode8 = 0
DrugCode9 = 0
DrugCode10 = 0
DoorLevel = 5
Alarm = 4
LockLevel = 4
Time = 0
PizzaTime = 0.000000
Level = 3
Adress = Willowfield
Porez = 0
VrednostPoreza = 0
Rentable = 0
RentPrice = 0
Rentovano = 0
Money = 0
Neaktivnost = 0
