Owned = 1
Owner = Nico_Legacy
Usage = 2
Enter1 = 2290.143310
Enter2 = -1882.137939
Enter3 = 14.234375
Exit1 = 1345.667724
Exit2 = -1021.830871
Exit3 = -31.141099
Price = 100000
Locked = 1
Interior = 5
VW = 143
Vrsta = 0
Ormar = 0
Skin1 = 0
Skin2 = 0
Skin3 = 0
SafeStatus = 1
SafePass = 123456
Oruzje1 = 0
Oruzje2 = 0
Oruzje3 = 0
Oruzje4 = 0
Municija1 = 0
Municija2 = 0
Municija3 = 0
Municija4 = 0
Drug1 = 4
Drug2 = 13
Drug3 = 15
Drug4 = 95
Drug5 = 100
Drug6 = 70
Drug7 = 5
Drug8 = 9
Drug9 = 0
Drug10 = 0
DrugCode1 = 6978
DrugCode2 = 2984
DrugCode3 = 6978
DrugCode4 = 6978
DrugCode5 = 6978
DrugCode6 = 6978
DrugCode7 = 6975
DrugCode8 = 6980
DrugCode9 = 0
DrugCode10 = 0
DoorLevel = 0
Alarm = 0
LockLevel = 0
Time = 0
PizzaTime = 0.000000
Level = 3
Adress = Willowfield
Porez = 0
VrednostPoreza = 0
Rentable = 0
RentPrice = 0
Rentovano = 0
Money = 0
Neaktivnost = 99
