Owned = 1
Owner = Boris_Tru
Usage = 1
Enter1 = 827.824890
Enter2 = -857.980773
Enter3 = 70.330810
Exit1 = 1965.128295
Exit2 = -680.624816
Exit3 = 52.304901
Price = 500000
Locked = 0
Interior = 6
VW = 149
Vrsta = 2
Ormar = 1
Skin1 = 0
Skin2 = 0
Skin3 = 0
SafeStatus = 1
SafePass = 281998
Oruzje1 = 0
Oruzje2 = 0
Oruzje3 = 0
Oruzje4 = 0
Municija1 = 0
Municija2 = 0
Municija3 = 0
Municija4 = 0
Drug1 = 500
Drug2 = 300
Drug3 = 500
Drug4 = 0
Drug5 = 0
Drug6 = 0
Drug7 = 0
Drug8 = 0
Drug9 = 0
Drug10 = 0
DrugCode1 = 3976
DrugCode2 = 3976
DrugCode3 = 6977
DrugCode4 = 0
DrugCode5 = 0
DrugCode6 = 0
DrugCode7 = 0
DrugCode8 = 0
DrugCode9 = 0
DrugCode10 = 0
DoorLevel = 1
Alarm = 0
LockLevel = 2
Time = 0
PizzaTime = 1436928512.000000
Level = 5
Adress = Mulholland
Porez = 0
VrednostPoreza = 0
Rentable = 1
RentPrice = 450
Rentovano = 0
Money = 0
Neaktivnost = 14
