Owned = 1
Owner = Hector_Santa
Usage = 2
Enter1 = 2146.471923
Enter2 = -1815.046997
Enter3 = 16.140625
Exit1 = 1345.667724
Exit2 = -1021.830871
Exit3 = -31.141099
Price = 100000
Locked = 0
Interior = 5
VW = 15
Vrsta = 0
Ormar = 1
Skin1 = 0
Skin2 = 0
Skin3 = 0
SafeStatus = 1
SafePass = 728862
Oruzje1 = 25
Oruzje2 = 25
Oruzje3 = 0
Oruzje4 = 0
Municija1 = 150
Municija2 = 239
Municija3 = 0
Municija4 = 0
Drug1 = 489
Drug2 = 0
Drug3 = 200
Drug4 = 500
Drug5 = 0
Drug6 = 500
Drug7 = 210
Drug8 = 0
Drug9 = 0
Drug10 = 0
DrugCode1 = 6975
DrugCode2 = 0
DrugCode3 = 6975
DrugCode4 = 6972
DrugCode5 = 0
DrugCode6 = 6978
DrugCode7 = 6978
DrugCode8 = 0
DrugCode9 = 0
DrugCode10 = 0
DoorLevel = 4
Alarm = 1
LockLevel = 1
Time = 0
PizzaTime = 0.000000
Level = 3
Adress = Idlewood
Porez = 0
VrednostPoreza = 0
Rentable = 1
RentPrice = 1000
Rentovano = 0
Money = 0
Neaktivnost = 59
