Owned = 1
Owner = Momir_Vasquez
Usage = 1
Enter1 = 2016.503540
Enter2 = -1641.651611
Enter3 = 14.112874
Exit1 = 2178.884765
Exit2 = -1200.878662
Exit3 = -44.480098
Price = 300000
Locked = 1
Interior = 4
VW = 152
Vrsta = 1
Ormar = 1
Skin1 = 59
Skin2 = 0
Skin3 = 0
SafeStatus = 0
SafePass = 123321
Oruzje1 = 0
Oruzje2 = 0
Oruzje3 = 0
Oruzje4 = 0
Municija1 = 0
Municija2 = 0
Municija3 = 0
Municija4 = 0
Drug1 = 0
Drug2 = 0
Drug3 = 0
Drug4 = 0
Drug5 = 0
Drug6 = 0
Drug7 = 0
Drug8 = 0
Drug9 = 0
Drug10 = 0
DrugCode1 = 0
DrugCode2 = 0
DrugCode3 = 0
DrugCode4 = 0
DrugCode5 = 0
DrugCode6 = 0
DrugCode7 = 0
DrugCode8 = 0
DrugCode9 = 0
DrugCode10 = 0
DoorLevel = 2
Alarm = 2
LockLevel = 1
Time = 0
PizzaTime = 1443351424.000000
Level = 5
Adress = Idlewood
Porez = 0
VrednostPoreza = 0
Rentable = 1
RentPrice = 450
Rentovano = 0
Money = 550
Neaktivnost = 122
