Owned = 1
Owner = Sehic_Ajdin
Usage = 2
Enter1 = 2499.345458
Enter2 = -1963.319091
Enter3 = 16.757812
Exit1 = 1345.667724
Exit2 = -1021.830871
Exit3 = -31.141099
Price = 100000
Locked = 0
Interior = 5
VW = 162
Vrsta = 0
Ormar = 1
Skin1 = 0
Skin2 = 154
Skin3 = 154
SafeStatus = 1
SafePass = 123456
Oruzje1 = 25
Oruzje2 = 25
Oruzje3 = 25
Oruzje4 = 25
Municija1 = 49
Municija2 = 215
Municija3 = 100
Municija4 = 48
Drug1 = 500
Drug2 = 25
Drug3 = 9
Drug4 = 80
Drug5 = 150
Drug6 = 7
Drug7 = 193
Drug8 = 100
Drug9 = 200
Drug10 = 150
DrugCode1 = 6979
DrugCode2 = 6977
DrugCode3 = 6969
DrugCode4 = 6981
DrugCode5 = 6981
DrugCode6 = 6977
DrugCode7 = 6981
DrugCode8 = 6981
DrugCode9 = 6981
DrugCode10 = 6981
DoorLevel = 0
Alarm = 0
LockLevel = 1
Time = 0
PizzaTime = 0.000000
Level = 3
Adress = Willowfield
Porez = 0
VrednostPoreza = 0
Rentable = 1
RentPrice = 200
Rentovano = 0
Money = 0
Neaktivnost = 5
