Owned = 1
Owner = Boris_Bokum
Usage = 2
Enter1 = 2493.162597
Enter2 = -1963.319458
Enter3 = 16.757812
Exit1 = 1345.667724
Exit2 = -1021.830871
Exit3 = -31.141099
Price = 100000
Locked = 0
Interior = 5
VW = 163
Vrsta = 0
Ormar = 1
Skin1 = 0
Skin2 = 0
Skin3 = 0
SafeStatus = 1
SafePass = 123456
Oruzje1 = 0
Oruzje2 = 0
Oruzje3 = 0
Oruzje4 = 0
Municija1 = 0
Municija2 = 0
Municija3 = 0
Municija4 = 0
Drug1 = 0
Drug2 = 0
Drug3 = 12
Drug4 = 0
Drug5 = 10
Drug6 = 2
Drug7 = 2
Drug8 = 6
Drug9 = 8
Drug10 = 7
DrugCode1 = 0
DrugCode2 = 0
DrugCode3 = 5969
DrugCode4 = 0
DrugCode5 = 5962
DrugCode6 = 6977
DrugCode7 = 3971
DrugCode8 = 3972
DrugCode9 = 6971
DrugCode10 = 6977
DoorLevel = 1
Alarm = 1
LockLevel = 4
Time = 0
PizzaTime = 0.000000
Level = 3
Adress = Willowfield
Porez = 0
VrednostPoreza = 0
Rentable = 0
RentPrice = 0
Rentovano = 0
Money = 0
Neaktivnost = 16
