Owned = 1
Owner = GonZo
Usage = 1
Enter1 = 253.184173
Enter2 = -1270.012817
Enter3 = 74.429267
Exit1 = 2321.835449
Exit2 = -373.050903
Exit3 = 22.105899
Price = 1000000
Locked = 0
Interior = 12
VW = 186
Vrsta = 4
Ormar = 0
Skin1 = 0
Skin2 = 0
Skin3 = 0
SafeStatus = 1
SafePass = 123456
Oruzje1 = 0
Oruzje2 = 0
Oruzje3 = 0
Oruzje4 = 0
Municija1 = 0
Municija2 = 0
Municija3 = 0
Municija4 = 0
Drug1 = 0
Drug2 = 0
Drug3 = 0
Drug4 = 0
Drug5 = 0
Drug6 = 0
Drug7 = 0
Drug8 = 0
Drug9 = 0
Drug10 = 0
DrugCode1 = 0
DrugCode2 = 0
DrugCode3 = 0
DrugCode4 = 0
DrugCode5 = 0
DrugCode6 = 0
DrugCode7 = 0
DrugCode8 = 0
DrugCode9 = 0
DrugCode10 = 0
DoorLevel = 1
Alarm = 0
LockLevel = 1
Time = 0
PizzaTime = 0.000000
Level = 10
Adress = Richman
Porez = 0
VrednostPoreza = 0
Rentable = 1
RentPrice = 1000
Rentovano = 0
Money = 0
Neaktivnost = 39
