Owned = 1
Owner = Milan_Kostic
Usage = 1
Enter1 = 254.259521
Enter2 = -1366.956298
Enter3 = 53.109375
Exit1 = 2321.835449
Exit2 = -373.050903
Exit3 = 22.105899
Price = 1000000
Locked = 0
Interior = 12
VW = 189
Vrsta = 4
Ormar = 1
Skin1 = 0
Skin2 = 0
Skin3 = 0
SafeStatus = 1
SafePass = 123456
Oruzje1 = 31
Oruzje2 = 0
Oruzje3 = 46
Oruzje4 = 30
Municija1 = 500
Municija2 = 0
Municija3 = 1
Municija4 = 150
Drug1 = 393
Drug2 = 500
Drug3 = 100
Drug4 = 500
Drug5 = 119
Drug6 = 349
Drug7 = 500
Drug8 = 500
Drug9 = 250
Drug10 = 75
DrugCode1 = 6977
DrugCode2 = 6975
DrugCode3 = 6978
DrugCode4 = 6983
DrugCode5 = 6983
DrugCode6 = 3975
DrugCode7 = 3975
DrugCode8 = 3975
DrugCode9 = 3975
DrugCode10 = 1999
DoorLevel = 5
Alarm = 4
LockLevel = 4
Time = 0
PizzaTime = 0.000000
Level = 10
Adress = Richman
Porez = 0
VrednostPoreza = 0
Rentable = 1
RentPrice = 1000
Rentovano = 2
Money = 16664802
Neaktivnost = 16
