Owned = 1
Owner = Daria
Usage = 1
Enter1 = 298.891693
Enter2 = -1338.468505
Enter3 = 53.441535
Exit1 = 2321.835449
Exit2 = -373.050903
Exit3 = 22.105899
Price = 1000000
Locked = 0
Interior = 12
VW = 191
Vrsta = 4
Ormar = 1
Skin1 = 0
Skin2 = 0
Skin3 = 0
SafeStatus = 1
SafePass = 999999
Oruzje1 = 0
Oruzje2 = 0
Oruzje3 = 0
Oruzje4 = 0
Municija1 = 0
Municija2 = 0
Municija3 = 0
Municija4 = 0
Drug1 = 0
Drug2 = 0
Drug3 = 0
Drug4 = 0
Drug5 = 0
Drug6 = 0
Drug7 = 0
Drug8 = 0
Drug9 = 0
Drug10 = 0
DrugCode1 = 0
DrugCode2 = 0
DrugCode3 = 0
DrugCode4 = 0
DrugCode5 = 0
DrugCode6 = 0
DrugCode7 = 0
DrugCode8 = 0
DrugCode9 = 0
DrugCode10 = 0
DoorLevel = 3
Alarm = 1
LockLevel = 1
Time = 0
PizzaTime = 0.000000
Level = 10
Adress = Richman
Porez = 0
VrednostPoreza = 0
Rentable = 1
RentPrice = 1
Rentovano = 0
Money = 1
Neaktivnost = 3
