Owned = 1
Owner = Anchy_Corleone
Usage = 1
Enter1 = 398.150085
Enter2 = -1271.372314
Enter3 = 50.019790
Exit1 = 1965.128295
Exit2 = -680.624816
Exit3 = 52.304901
Price = 500000
Locked = 1
Interior = 6
VW = 195
Vrsta = 2
Ormar = 0
Skin1 = 0
Skin2 = 0
Skin3 = 0
SafeStatus = 1
SafePass = 123456
Oruzje1 = 30
Oruzje2 = 28
Oruzje3 = 25
Oruzje4 = 29
Municija1 = 150
Municija2 = 100
Municija3 = 50
Municija4 = 150
Drug1 = 50
Drug2 = 40
Drug3 = 0
Drug4 = 0
Drug5 = 0
Drug6 = 0
Drug7 = 0
Drug8 = 0
Drug9 = 0
Drug10 = 0
DrugCode1 = 6976
DrugCode2 = 6976
DrugCode3 = 0
DrugCode4 = 0
DrugCode5 = 0
DrugCode6 = 0
DrugCode7 = 0
DrugCode8 = 0
DrugCode9 = 0
DrugCode10 = 0
DoorLevel = 0
Alarm = 1
LockLevel = 1
Time = 0
PizzaTime = 0.000000
Level = 5
Adress = Richman
Porez = 0
VrednostPoreza = 0
Rentable = 1
RentPrice = 500
Rentovano = 0
Money = 500
Neaktivnost = 7
