Owned = 0
Owner = Drzava
Usage = 2
Enter1 = 2521.398437
Enter2 = -1371.820312
Enter3 = 28.531250
Exit1 = 1345.667724
Exit2 = -1021.830871
Exit3 = -31.141099
Price = 100000
Locked = 1
Interior = 5
VW = 198
Vrsta = 0
Ormar = 1
Skin1 = 0
Skin2 = 0
Skin3 = 0
SafeStatus = 0
SafePass = 567890
Oruzje1 = 30
Oruzje2 = 24
Oruzje3 = 0
Oruzje4 = 0
Municija1 = 150
Municija2 = 100
Municija3 = 0
Municija4 = 0
Drug1 = 50
Drug2 = 0
Drug3 = 10
Drug4 = 50
Drug5 = 0
Drug6 = 0
Drug7 = 0
Drug8 = 0
Drug9 = 0
Drug10 = 0
DrugCode1 = 3984
DrugCode2 = 0
DrugCode3 = 5981
DrugCode4 = 6974
DrugCode5 = 0
DrugCode6 = 0
DrugCode7 = 0
DrugCode8 = 0
DrugCode9 = 0
DrugCode10 = 0
DoorLevel = 1
Alarm = 1
LockLevel = 1
Time = 0
PizzaTime = 0.000000
Level = 3
Adress = East Nice Guys
Porez = 0
VrednostPoreza = 0
Rentable = 0
RentPrice = 0
Rentovano = 0
Money = 5000
Neaktivnost = 0
