Owned = 1
Owner = Sergio_Genovese
Usage = 2
Enter1 = 1418.445434
Enter2 = -1180.178344
Enter3 = 25.992187
Exit1 = 1345.667724
Exit2 = -1021.830871
Exit3 = -31.141099
Price = 100000
Locked = 0
Interior = 5
VW = 218
Vrsta = 0
Ormar = 1
Skin1 = 293
Skin2 = 0
Skin3 = 72
SafeStatus = 1
SafePass = 254932
Oruzje1 = 25
Oruzje2 = 28
Oruzje3 = 0
Oruzje4 = 0
Municija1 = 100
Municija2 = 100
Municija3 = 0
Municija4 = 0
Drug1 = 206
Drug2 = 0
Drug3 = 0
Drug4 = 0
Drug5 = 0
Drug6 = 0
Drug7 = 0
Drug8 = 0
Drug9 = 0
Drug10 = 0
DrugCode1 = 6980
DrugCode2 = 0
DrugCode3 = 0
DrugCode4 = 0
DrugCode5 = 0
DrugCode6 = 0
DrugCode7 = 0
DrugCode8 = 0
DrugCode9 = 0
DrugCode10 = 0
DoorLevel = 5
Alarm = 4
LockLevel = 4
Time = 0
PizzaTime = 0.000000
Level = 3
Adress = Downtown Nice Guys
Porez = 0
VrednostPoreza = 0
Rentable = 0
RentPrice = 0
Rentovano = 0
Money = 0
Neaktivnost = 15
