Owned = 1
Owner = Pavlo_Putin
Usage = 1
Enter1 = 1326.263183
Enter2 = -1090.652221
Enter3 = 27.976562
Exit1 = 1965.128295
Exit2 = -680.624816
Exit3 = 52.304901
Price = 500000
Locked = 1
Interior = 6
VW = 219
Vrsta = 2
Ormar = 1
Skin1 = 26
Skin2 = 279
Skin3 = 0
SafeStatus = 0
SafePass = 525031
Oruzje1 = 24
Oruzje2 = 31
Oruzje3 = 29
Oruzje4 = 24
Municija1 = 100
Municija2 = 150
Municija3 = 288
Municija4 = 128
Drug1 = 500
Drug2 = 245
Drug3 = 0
Drug4 = 0
Drug5 = 0
Drug6 = 0
Drug7 = 0
Drug8 = 0
Drug9 = 0
Drug10 = 0
DrugCode1 = 6974
DrugCode2 = 6972
DrugCode3 = 0
DrugCode4 = 0
DrugCode5 = 0
DrugCode6 = 0
DrugCode7 = 0
DrugCode8 = 0
DrugCode9 = 0
DrugCode10 = 0
DoorLevel = 1
Alarm = 2
LockLevel = 1
Time = 0
PizzaTime = 1437054464.000000
Level = 5
Adress = Temple
Porez = 0
VrednostPoreza = 0
Rentable = 0
RentPrice = 0
Rentovano = 1
Money = 7
Neaktivnost = 3
