Owned = 1
Owner = Josip_Bicanic
Usage = 2
Enter1 = 2155.842529
Enter2 = -1815.226196
Enter3 = 13.546875
Exit1 = 1345.667724
Exit2 = -1021.830871
Exit3 = -31.141099
Price = 100000
Locked = 0
Interior = 5
VW = 22
Vrsta = 0
Ormar = 1
Skin1 = 0
Skin2 = 0
Skin3 = 26
SafeStatus = 1
SafePass = 141095
Oruzje1 = 0
Oruzje2 = 0
Oruzje3 = 0
Oruzje4 = 0
Municija1 = 0
Municija2 = 0
Municija3 = 0
Municija4 = 0
Drug1 = 120
Drug2 = 0
Drug3 = 40
Drug4 = 0
Drug5 = 0
Drug6 = 0
Drug7 = 0
Drug8 = 0
Drug9 = 0
Drug10 = 0
DrugCode1 = 3977
DrugCode2 = 0
DrugCode3 = 6976
DrugCode4 = 0
DrugCode5 = 0
DrugCode6 = 0
DrugCode7 = 0
DrugCode8 = 0
DrugCode9 = 0
DrugCode10 = 0
DoorLevel = 2
Alarm = 2
LockLevel = 2
Time = 0
PizzaTime = 0.000000
Level = 3
Adress = Idlewood
Porez = 0
VrednostPoreza = 0
Rentable = 1
RentPrice = 1
Rentovano = 1
Money = 1
Neaktivnost = 5
