Owned = 1
Owner = Tony_Banderas
Usage = 2
Enter1 = 1528.691772
Enter2 = -1151.218139
Enter3 = 24.078125
Exit1 = 1345.667724
Exit2 = -1021.830871
Exit3 = -31.141099
Price = 100000
Locked = 0
Interior = 5
VW = 227
Vrsta = 0
Ormar = 1
Skin1 = 181
Skin2 = 230
Skin3 = 158
SafeStatus = 1
SafePass = 111444
Oruzje1 = 25
Oruzje2 = 28
Oruzje3 = 29
Oruzje4 = 25
Municija1 = 50
Municija2 = 100
Municija3 = 150
Municija4 = 50
Drug1 = 7
Drug2 = 0
Drug3 = 0
Drug4 = 0
Drug5 = 0
Drug6 = 0
Drug7 = 0
Drug8 = 0
Drug9 = 0
Drug10 = 0
DrugCode1 = 6980
DrugCode2 = 0
DrugCode3 = 0
DrugCode4 = 0
DrugCode5 = 0
DrugCode6 = 0
DrugCode7 = 0
DrugCode8 = 0
DrugCode9 = 0
DrugCode10 = 0
DoorLevel = 3
Alarm = 2
LockLevel = 3
Time = 0
PizzaTime = 0.000000
Level = 3
Adress = Downtown Nice Guys
Porez = 0
VrednostPoreza = 0
Rentable = 1
RentPrice = 200
Rentovano = 0
Money = 0
Neaktivnost = 3
