Owned = 1
Owner = Nebojsa_Popov
Usage = 2
Enter1 = 1532.546752
Enter2 = -1151.217895
Enter3 = 24.078125
Exit1 = 1345.667724
Exit2 = -1021.830871
Exit3 = -31.141099
Price = 100000
Locked = 1
Interior = 5
VW = 228
Vrsta = 0
Ormar = 1
Skin1 = 102
Skin2 = 0
Skin3 = 0
SafeStatus = 1
SafePass = 123456
Oruzje1 = 28
Oruzje2 = 31
Oruzje3 = 24
Oruzje4 = 30
Municija1 = 500
Municija2 = 267
Municija3 = 372
Municija4 = 441
Drug1 = 187
Drug2 = 64
Drug3 = 0
Drug4 = 0
Drug5 = 0
Drug6 = 0
Drug7 = 0
Drug8 = 0
Drug9 = 0
Drug10 = 0
DrugCode1 = 3980
DrugCode2 = 3980
DrugCode3 = 0
DrugCode4 = 0
DrugCode5 = 0
DrugCode6 = 0
DrugCode7 = 0
DrugCode8 = 0
DrugCode9 = 0
DrugCode10 = 0
DoorLevel = 5
Alarm = 4
LockLevel = 4
Time = 0
PizzaTime = 0.000000
Level = 3
Adress = Downtown Nice Guys
Porez = 0
VrednostPoreza = 0
Rentable = 1
RentPrice = 500
Rentovano = 5
Money = 3
Neaktivnost = 5
