Owned = 1
Owner = Vinnie_Richardson
Usage = 1
Enter1 = 1183.471313
Enter2 = -1076.169067
Enter3 = 31.678918
Exit1 = 1965.128295
Exit2 = -680.624816
Exit3 = 52.304901
Price = 500000
Locked = 0
Interior = 6
VW = 234
Vrsta = 2
Ormar = 0
Skin1 = 0
Skin2 = 0
Skin3 = 0
SafeStatus = 0
SafePass = 141200
Oruzje1 = 0
Oruzje2 = 0
Oruzje3 = 0
Oruzje4 = 0
Municija1 = 0
Municija2 = 0
Municija3 = 0
Municija4 = 0
Drug1 = 34
Drug2 = 3
Drug3 = 7
Drug4 = 1
Drug5 = 0
Drug6 = 0
Drug7 = 0
Drug8 = 0
Drug9 = 0
Drug10 = 0
DrugCode1 = 6977
DrugCode2 = 3973
DrugCode3 = 6977
DrugCode4 = 3978
DrugCode5 = 0
DrugCode6 = 0
DrugCode7 = 0
DrugCode8 = 0
DrugCode9 = 0
DrugCode10 = 0
DoorLevel = 0
Alarm = 0
LockLevel = 0
Time = 0
PizzaTime = 1435878016.000000
Level = 5
Adress = Temple
Porez = 0
VrednostPoreza = 0
Rentable = 0
RentPrice = 0
Rentovano = 0
Money = 0
Neaktivnost = 254
