Owned = 1
Owner = Alexa_Legacy
Usage = 1
Enter1 = 1141.808471
Enter2 = -1069.937622
Enter3 = 31.765625
Exit1 = 1965.128295
Exit2 = -680.624816
Exit3 = 52.304901
Price = 500000
Locked = 0
Interior = 6
VW = 236
Vrsta = 2
Ormar = 1
Skin1 = 0
Skin2 = 0
Skin3 = 0
SafeStatus = 1
SafePass = 123456
Oruzje1 = 0
Oruzje2 = 0
Oruzje3 = 0
Oruzje4 = 0
Municija1 = 0
Municija2 = 0
Municija3 = 0
Municija4 = 0
Drug1 = 300
Drug2 = 500
Drug3 = 350
Drug4 = 300
Drug5 = 99
Drug6 = 0
Drug7 = 0
Drug8 = 0
Drug9 = 0
Drug10 = 0
DrugCode1 = 6975
DrugCode2 = 6977
DrugCode3 = 6979
DrugCode4 = 6976
DrugCode5 = 6976
DrugCode6 = 0
DrugCode7 = 0
DrugCode8 = 0
DrugCode9 = 0
DrugCode10 = 0
DoorLevel = 2
Alarm = 3
LockLevel = 4
Time = 0
PizzaTime = 1435878144.000000
Level = 5
Adress = Temple
Porez = 0
VrednostPoreza = 0
Rentable = 1
RentPrice = 2
Rentovano = 0
Money = 0
Neaktivnost = 5
