Owned = 0
Owner = Drzava
Usage = 1
Enter1 = 1068.426147
Enter2 = -1081.390380
Enter3 = 27.528354
Exit1 = 1965.128295
Exit2 = -680.624816
Exit3 = 52.304901
Price = 500000
Locked = 1
Interior = 6
VW = 245
Vrsta = 2
Ormar = 1
Skin1 = 0
Skin2 = 0
Skin3 = 0
SafeStatus = 0
SafePass = 256120
Oruzje1 = 30
Oruzje2 = 30
Oruzje3 = 0
Oruzje4 = 0
Municija1 = 150
Municija2 = 150
Municija3 = 0
Municija4 = 0
Drug1 = 0
Drug2 = 0
Drug3 = 0
Drug4 = 0
Drug5 = 0
Drug6 = 0
Drug7 = 0
Drug8 = 0
Drug9 = 0
Drug10 = 0
DrugCode1 = 0
DrugCode2 = 0
DrugCode3 = 0
DrugCode4 = 0
DrugCode5 = 0
DrugCode6 = 0
DrugCode7 = 0
DrugCode8 = 0
DrugCode9 = 0
DrugCode10 = 0
DoorLevel = 0
Alarm = 0
LockLevel = 0
Time = 0
PizzaTime = 1435878272.000000
Level = 5
Adress = Temple
Porez = 0
VrednostPoreza = 0
Rentable = 1
RentPrice = 100
Rentovano = 0
Money = 0
Neaktivnost = 0
