Owned = 1
Owner = Antonioo_Capone
Usage = 1
Enter1 = 2808.060546
Enter2 = -1190.402954
Enter3 = 25.342845
Exit1 = 1915.924804
Exit2 = -371.074890
Exit3 = 7.406898
Price = 750000
Locked = 0
Interior = 10
VW = 246
Vrsta = 3
Ormar = 1
Skin1 = 0
Skin2 = 0
Skin3 = 0
SafeStatus = 1
SafePass = 171194
Oruzje1 = 0
Oruzje2 = 0
Oruzje3 = 0
Oruzje4 = 0
Municija1 = 0
Municija2 = 0
Municija3 = 0
Municija4 = 0
Drug1 = 0
Drug2 = 0
Drug3 = 0
Drug4 = 0
Drug5 = 0
Drug6 = 0
Drug7 = 0
Drug8 = 0
Drug9 = 0
Drug10 = 0
DrugCode1 = 0
DrugCode2 = 0
DrugCode3 = 0
DrugCode4 = 0
DrugCode5 = 0
DrugCode6 = 0
DrugCode7 = 0
DrugCode8 = 0
DrugCode9 = 0
DrugCode10 = 0
DoorLevel = 0
Alarm = 0
LockLevel = 0
Time = 0
PizzaTime = 0.000000
Level = 5
Adress = East Beach
Porez = 0
VrednostPoreza = 0
Rentable = 0
RentPrice = 0
Rentovano = 0
Money = 0
Neaktivnost = 5
