Owned = 1
Owner = Dena_Scalleta
Usage = 2
Enter1 = 1848.151245
Enter2 = -1593.697998
Enter3 = 19.124494
Exit1 = 1345.667724
Exit2 = -1021.830871
Exit3 = -31.141099
Price = 100000
Locked = 1
Interior = 5
VW = 248
Vrsta = 0
Ormar = 1
Skin1 = 119
Skin2 = 0
Skin3 = 0
SafeStatus = 1
SafePass = 407621
Oruzje1 = 30
Oruzje2 = 31
Oruzje3 = 24
Oruzje4 = 25
Municija1 = 300
Municija2 = 300
Municija3 = 93
Municija4 = 50
Drug1 = 40
Drug2 = 20
Drug3 = 0
Drug4 = 0
Drug5 = 0
Drug6 = 0
Drug7 = 0
Drug8 = 0
Drug9 = 0
Drug10 = 0
DrugCode1 = 6976
DrugCode2 = 6976
DrugCode3 = 0
DrugCode4 = 0
DrugCode5 = 0
DrugCode6 = 0
DrugCode7 = 0
DrugCode8 = 0
DrugCode9 = 0
DrugCode10 = 0
DoorLevel = 1
Alarm = 1
LockLevel = 1
Time = 0
PizzaTime = 0.000000
Level = 3
Adress = Idlewood
Porez = 0
VrednostPoreza = 0
Rentable = 0
RentPrice = 0
Rentovano = 0
Money = 0
Neaktivnost = 4
