Owned = 1
Owner = Bic_Mitchum
Usage = 2
Enter1 = 1848.151611
Enter2 = -1593.618164
Enter3 = 23.883468
Exit1 = 1345.667724
Exit2 = -1021.830871
Exit3 = -31.141099
Price = 100000
Locked = 0
Interior = 5
VW = 249
Vrsta = 0
Ormar = 1
Skin1 = 0
Skin2 = 0
Skin3 = 0
SafeStatus = 1
SafePass = 569455
Oruzje1 = 0
Oruzje2 = 0
Oruzje3 = 0
Oruzje4 = 0
Municija1 = 0
Municija2 = 0
Municija3 = 0
Municija4 = 0
Drug1 = 0
Drug2 = 0
Drug3 = 0
Drug4 = 0
Drug5 = 0
Drug6 = 0
Drug7 = 0
Drug8 = 0
Drug9 = 0
Drug10 = 0
DrugCode1 = 0
DrugCode2 = 0
DrugCode3 = 0
DrugCode4 = 0
DrugCode5 = 0
DrugCode6 = 0
DrugCode7 = 0
DrugCode8 = 0
DrugCode9 = 0
DrugCode10 = 0
DoorLevel = 3
Alarm = 0
LockLevel = 0
Time = 0
PizzaTime = 0.000000
Level = 3
Adress = Idlewood
Porez = 0
VrednostPoreza = 0
Rentable = 1
RentPrice = 500
Rentovano = 1
Money = 1350
Neaktivnost = 428
