Owned = 1
Owner = Nebojsa_Popov
Usage = 1
Enter1 = 1118.179443
Enter2 = -1021.175659
Enter3 = 34.992187
Exit1 = 1965.128295
Exit2 = -680.624816
Exit3 = 52.304901
Price = 500000
Locked = 1
Interior = 6
VW = 251
Vrsta = 2
Ormar = 1
Skin1 = 230
Skin2 = 130
Skin3 = 247
SafeStatus = 1
SafePass = 123456
Oruzje1 = 4
Oruzje2 = 24
Oruzje3 = 24
Oruzje4 = 26
Municija1 = 1
Municija2 = 399
Municija3 = 300
Municija4 = 428
Drug1 = 0
Drug2 = 0
Drug3 = 0
Drug4 = 0
Drug5 = 0
Drug6 = 0
Drug7 = 0
Drug8 = 0
Drug9 = 0
Drug10 = 0
DrugCode1 = 0
DrugCode2 = 0
DrugCode3 = 0
DrugCode4 = 0
DrugCode5 = 0
DrugCode6 = 0
DrugCode7 = 0
DrugCode8 = 0
DrugCode9 = 0
DrugCode10 = 0
DoorLevel = 2
Alarm = 2
LockLevel = 2
Time = 0
PizzaTime = 1434976256.000000
Level = 5
Adress = Temple
Porez = 0
VrednostPoreza = 0
Rentable = 1
RentPrice = 500
Rentovano = 0
Money = 0
Neaktivnost = 5
