Owned = 1
Owner = Danny_Capone
Usage = 1
Enter1 = 2045.171020
Enter2 = -965.892272
Enter3 = 44.549858
Exit1 = 2178.884765
Exit2 = -1200.878662
Exit3 = -44.480098
Price = 300000
Locked = 0
Interior = 4
VW = 281
Vrsta = 1
Ormar = 1
Skin1 = 59
Skin2 = 0
Skin3 = 0
SafeStatus = 0
SafePass = 545454
Oruzje1 = 24
Oruzje2 = 24
Oruzje3 = 24
Oruzje4 = 24
Municija1 = 192
Municija2 = 199
Municija3 = 211
Municija4 = 163
Drug1 = 0
Drug2 = 0
Drug3 = 0
Drug4 = 0
Drug5 = 0
Drug6 = 0
Drug7 = 0
Drug8 = 0
Drug9 = 0
Drug10 = 0
DrugCode1 = 0
DrugCode2 = 0
DrugCode3 = 0
DrugCode4 = 0
DrugCode5 = 0
DrugCode6 = 0
DrugCode7 = 0
DrugCode8 = 0
DrugCode9 = 0
DrugCode10 = 0
DoorLevel = 0
Alarm = 0
LockLevel = 0
Time = 0
PizzaTime = 0.000000
Level = 5
Adress = Las Colinas
Porez = 0
VrednostPoreza = 0
Rentable = 1
RentPrice = 1000
Rentovano = 0
Money = 2
Neaktivnost = 36
