Owned = 1
Owner = Bryan_Hoyston
Usage = 1
Enter1 = 2095.359619
Enter2 = -1145.153808
Enter3 = 26.592920
Exit1 = 2178.884765
Exit2 = -1200.878662
Exit3 = -44.480098
Price = 300000
Locked = 1
Interior = 4
VW = 315
Vrsta = 1
Ormar = 1
Skin1 = 0
Skin2 = 0
Skin3 = 0
SafeStatus = 1
SafePass = 696969
Oruzje1 = 0
Oruzje2 = 0
Oruzje3 = 0
Oruzje4 = 0
Municija1 = 0
Municija2 = 0
Municija3 = 0
Municija4 = 0
Drug1 = 100
Drug2 = 50
Drug3 = 150
Drug4 = 304
Drug5 = 0
Drug6 = 0
Drug7 = 0
Drug8 = 0
Drug9 = 0
Drug10 = 0
DrugCode1 = 6974
DrugCode2 = 6974
DrugCode3 = 3974
DrugCode4 = 3974
DrugCode5 = 0
DrugCode6 = 0
DrugCode7 = 0
DrugCode8 = 0
DrugCode9 = 0
DrugCode10 = 0
DoorLevel = 2
Alarm = 2
LockLevel = 2
Time = 0
PizzaTime = 1434895872.000000
Level = 5
Adress = Jefferson
Porez = 0
VrednostPoreza = 0
Rentable = 1
RentPrice = 1000
Rentovano = 2
Money = 0
Neaktivnost = 6
