Owned = 0
Owner = Drzava
Usage = 1
Enter1 = 2092.243408
Enter2 = -1166.442260
Enter3 = 26.585937
Exit1 = 2178.884765
Exit2 = -1200.878662
Exit3 = -44.480098
Price = 300000
Locked = 0
Interior = 4
VW = 317
Vrsta = 1
Ormar = 1
Skin1 = 0
Skin2 = 0
Skin3 = 0
SafeStatus = 0
SafePass = 220522
Oruzje1 = 24
Oruzje2 = 0
Oruzje3 = 24
Oruzje4 = 24
Municija1 = 154
Municija2 = 0
Municija3 = 150
Municija4 = 100
Drug1 = 50
Drug2 = 500
Drug3 = 500
Drug4 = 500
Drug5 = 280
Drug6 = 0
Drug7 = 0
Drug8 = 0
Drug9 = 0
Drug10 = 0
DrugCode1 = 1999
DrugCode2 = 3973
DrugCode3 = 3973
DrugCode4 = 3977
DrugCode5 = 3973
DrugCode6 = 0
DrugCode7 = 0
DrugCode8 = 0
DrugCode9 = 0
DrugCode10 = 0
DoorLevel = 5
Alarm = 4
LockLevel = 4
Time = 0
PizzaTime = 1443457408.000000
Level = 5
Adress = Jefferson
Porez = 0
VrednostPoreza = 0
Rentable = 0
RentPrice = 0
Rentovano = 0
Money = 0
Neaktivnost = 0
