Owned = 1
Owner = Dena_Scalleta
Usage = 1
Enter1 = 2022.797851
Enter2 = -1120.265869
Enter3 = 26.421045
Exit1 = 2178.884765
Exit2 = -1200.878662
Exit3 = -44.480098
Price = 300000
Locked = 1
Interior = 4
VW = 323
Vrsta = 1
Ormar = 0
Skin1 = 0
Skin2 = 0
Skin3 = 0
SafeStatus = 1
SafePass = 407621
Oruzje1 = 29
Oruzje2 = 24
Oruzje3 = 28
Oruzje4 = 25
Municija1 = 300
Municija2 = 50
Municija3 = 200
Municija4 = 49
Drug1 = 0
Drug2 = 0
Drug3 = 0
Drug4 = 0
Drug5 = 0
Drug6 = 0
Drug7 = 0
Drug8 = 0
Drug9 = 0
Drug10 = 0
DrugCode1 = 0
DrugCode2 = 0
DrugCode3 = 0
DrugCode4 = 0
DrugCode5 = 0
DrugCode6 = 0
DrugCode7 = 0
DrugCode8 = 0
DrugCode9 = 0
DrugCode10 = 0
DoorLevel = 0
Alarm = 0
LockLevel = 0
Time = 0
PizzaTime = 0.000000
Level = 5
Adress = Glen Park
Porez = 0
VrednostPoreza = 0
Rentable = 0
RentPrice = 0
Rentovano = 0
Money = 0
Neaktivnost = 4
