Owned = 1
Owner = John_Devito
Usage = 3
Enter1 = 2512.796875
Enter2 = -1027.161987
Enter3 = 70.085937
Exit1 = 2160.287109
Exit2 = -1172.624389
Exit3 = 1029.861938
Price = 350000
Locked = 0
Interior = 7
VW = 325
Vrsta = 0
Ormar = 1
Skin1 = 0
Skin2 = 0
Skin3 = 0
SafeStatus = 1
SafePass = 654321
Oruzje1 = 30
Oruzje2 = 30
Oruzje3 = 31
Oruzje4 = 30
Municija1 = 150
Municija2 = 150
Municija3 = 150
Municija4 = 150
Drug1 = 0
Drug2 = 0
Drug3 = 0
Drug4 = 0
Drug5 = 0
Drug6 = 0
Drug7 = 0
Drug8 = 0
Drug9 = 0
Drug10 = 0
DrugCode1 = 0
DrugCode2 = 0
DrugCode3 = 0
DrugCode4 = 0
DrugCode5 = 0
DrugCode6 = 0
DrugCode7 = 0
DrugCode8 = 0
DrugCode9 = 0
DrugCode10 = 0
DoorLevel = 4
Alarm = 4
LockLevel = 4
Time = 0
PizzaTime = 0.000000
Level = 5
Adress = Las Colinas
Porez = 0
VrednostPoreza = 0
Rentable = 1
RentPrice = 500
Rentovano = 0
Money = 0
Neaktivnost = 25
