Owned = 0
Owner = Drzava
Usage = 3
Enter1 = 2526.092041
Enter2 = -1060.733642
Enter3 = 69.970779
Exit1 = 2160.287109
Exit2 = -1172.624389
Exit3 = 1029.861938
Price = 350000
Locked = 0
Interior = 7
VW = 329
Vrsta = 0
Ormar = 1
Skin1 = 223
Skin2 = 154
Skin3 = 154
SafeStatus = 1
SafePass = 123456
Oruzje1 = 25
Oruzje2 = 25
Oruzje3 = 25
Oruzje4 = 25
Municija1 = 50
Municija2 = 22
Municija3 = 50
Municija4 = 50
Drug1 = 0
Drug2 = 0
Drug3 = 0
Drug4 = 0
Drug5 = 0
Drug6 = 0
Drug7 = 0
Drug8 = 0
Drug9 = 0
Drug10 = 0
DrugCode1 = 0
DrugCode2 = 0
DrugCode3 = 0
DrugCode4 = 0
DrugCode5 = 0
DrugCode6 = 0
DrugCode7 = 0
DrugCode8 = 0
DrugCode9 = 0
DrugCode10 = 0
DoorLevel = 0
Alarm = 0
LockLevel = 0
Time = 0
PizzaTime = 0.000000
Level = 5
Adress = Las Colinas
Porez = 0
VrednostPoreza = 0
Rentable = 1
RentPrice = 300
Rentovano = 0
Money = 0
Neaktivnost = 0
