Owned = 1
Owner = Acke_Strong
Usage = 1
Enter1 = 1468.604125
Enter2 = -906.180480
Enter3 = 54.835937
Exit1 = 1965.128295
Exit2 = -680.624816
Exit3 = 52.304901
Price = 500000
Locked = 1
Interior = 6
VW = 35
Vrsta = 2
Ormar = 1
Skin1 = 0
Skin2 = 0
Skin3 = 0
SafeStatus = 0
SafePass = 0
Oruzje1 = 0
Oruzje2 = 0
Oruzje3 = 0
Oruzje4 = 0
Municija1 = 0
Municija2 = 0
Municija3 = 0
Municija4 = 0
Drug1 = 0
Drug2 = 0
Drug3 = 0
Drug4 = 0
Drug5 = 0
Drug6 = 0
Drug7 = 0
Drug8 = 0
Drug9 = 0
Drug10 = 0
DrugCode1 = 0
DrugCode2 = 0
DrugCode3 = 0
DrugCode4 = 0
DrugCode5 = 0
DrugCode6 = 0
DrugCode7 = 0
DrugCode8 = 0
DrugCode9 = 0
DrugCode10 = 0
DoorLevel = 0
Alarm = 0
LockLevel = 0
Time = 0
PizzaTime = 1435746944.000000
Level = 5
Adress = Mulholland Section
Porez = 0
VrednostPoreza = 0
Rentable = 1
RentPrice = 1000
Rentovano = 4
Money = 77
Neaktivnost = 15
