Owned = 1
Owner = Sonny_Corleone
Usage = 3
Enter1 = 2579.663574
Enter2 = -1033.203247
Enter3 = 69.579788
Exit1 = 2160.287109
Exit2 = -1172.624389
Exit3 = 1029.861938
Price = 350000
Locked = 0
Interior = 7
VW = 356
Vrsta = 0
Ormar = 1
Skin1 = 230
Skin2 = 0
Skin3 = 0
SafeStatus = 1
SafePass = 322111
Oruzje1 = 24
Oruzje2 = 24
Oruzje3 = 24
Oruzje4 = 24
Municija1 = 100
Municija2 = 100
Municija3 = 100
Municija4 = 100
Drug1 = 500
Drug2 = 500
Drug3 = 0
Drug4 = 0
Drug5 = 0
Drug6 = 0
Drug7 = 0
Drug8 = 0
Drug9 = 0
Drug10 = 0
DrugCode1 = 3978
DrugCode2 = 6978
DrugCode3 = 0
DrugCode4 = 0
DrugCode5 = 0
DrugCode6 = 0
DrugCode7 = 0
DrugCode8 = 0
DrugCode9 = 0
DrugCode10 = 0
DoorLevel = 0
Alarm = 0
LockLevel = 0
Time = 0
PizzaTime = 0.000000
Level = 5
Adress = Las Colinas
Porez = 0
VrednostPoreza = 0
Rentable = 0
RentPrice = 0
Rentovano = 0
Money = 0
Neaktivnost = 3
