Owned = 1
Owner = Macak
Usage = 2
Enter1 = 1967.456176
Enter2 = -1633.709106
Enter3 = 15.968750
Exit1 = 1345.667724
Exit2 = -1021.830871
Exit3 = -31.141099
Price = 100000
Locked = 1
Interior = 5
VW = 36
Vrsta = 0
Ormar = 1
Skin1 = 0
Skin2 = 0
Skin3 = 0
SafeStatus = 1
SafePass = 254000
Oruzje1 = 25
Oruzje2 = 0
Oruzje3 = 0
Oruzje4 = 0
Municija1 = 351
Municija2 = 0
Municija3 = 0
Municija4 = 0
Drug1 = 5
Drug2 = 150
Drug3 = 100
Drug4 = 0
Drug5 = 0
Drug6 = 0
Drug7 = 0
Drug8 = 0
Drug9 = 0
Drug10 = 0
DrugCode1 = 6567
DrugCode2 = 6977
DrugCode3 = 6977
DrugCode4 = 0
DrugCode5 = 0
DrugCode6 = 0
DrugCode7 = 0
DrugCode8 = 0
DrugCode9 = 0
DrugCode10 = 0
DoorLevel = 0
Alarm = 1
LockLevel = 1
Time = 0
PizzaTime = 0.000000
Level = 3
Adress = Idlewood
Porez = 0
VrednostPoreza = 0
Rentable = 0
RentPrice = 0
Rentovano = 0
Money = 0
Neaktivnost = 16
