Owned = 0
Owner = Drzava
Usage = 1
Enter1 = 2247.504150
Enter2 = -1349.501220
Enter3 = 24.624542
Exit1 = 1965.128295
Exit2 = -680.624816
Exit3 = 52.304901
Price = 500000
Locked = 0
Interior = 6
VW = 360
Vrsta = 2
Ormar = 1
Skin1 = 102
Skin2 = 0
Skin3 = 0
SafeStatus = 0
SafePass = 190498
Oruzje1 = 30
Oruzje2 = 29
Oruzje3 = 0
Oruzje4 = 0
Municija1 = 150
Municija2 = 150
Municija3 = 0
Municija4 = 0
Drug1 = 0
Drug2 = 0
Drug3 = 0
Drug4 = 0
Drug5 = 0
Drug6 = 0
Drug7 = 0
Drug8 = 0
Drug9 = 0
Drug10 = 0
DrugCode1 = 0
DrugCode2 = 0
DrugCode3 = 0
DrugCode4 = 0
DrugCode5 = 0
DrugCode6 = 0
DrugCode7 = 0
DrugCode8 = 0
DrugCode9 = 0
DrugCode10 = 0
DoorLevel = 0
Alarm = 1
LockLevel = 1
Time = 0
PizzaTime = 1435238528.000000
Level = 5
Adress = Jefferson
Porez = 0
VrednostPoreza = 0
Rentable = 0
RentPrice = 0
Rentovano = 0
Money = 0
Neaktivnost = 0
