Owned = 1
Owner = Momir_Vasquez
Usage = 2
Enter1 = 1234.738891
Enter2 = -1016.192016
Enter3 = 36.335937
Exit1 = 1345.667724
Exit2 = -1021.830871
Exit3 = -31.141099
Price = 100000
Locked = 0
Interior = 5
VW = 366
Vrsta = 0
Ormar = 1
Skin1 = 289
Skin2 = 230
Skin3 = 0
SafeStatus = 1
SafePass = 123456
Oruzje1 = 0
Oruzje2 = 0
Oruzje3 = 0
Oruzje4 = 0
Municija1 = 0
Municija2 = 0
Municija3 = 0
Municija4 = 0
Drug1 = 7
Drug2 = 436
Drug3 = 10
Drug4 = 25
Drug5 = 26
Drug6 = 20
Drug7 = 10
Drug8 = 0
Drug9 = 0
Drug10 = 0
DrugCode1 = 3978
DrugCode2 = 6973
DrugCode3 = 5970
DrugCode4 = 3975
DrugCode5 = 3976
DrugCode6 = 5971
DrugCode7 = 5970
DrugCode8 = 0
DrugCode9 = 0
DrugCode10 = 0
DoorLevel = 2
Alarm = 1
LockLevel = 1
Time = 0
PizzaTime = 0.000000
Level = 3
Adress = Temple
Porez = 0
VrednostPoreza = 0
Rentable = 1
RentPrice = 500
Rentovano = 0
Money = 500
Neaktivnost = 122
