Owned = 1
Owner = Rango_Stipanovic
Usage = 2
Enter1 = 1195.685791
Enter2 = -1010.924987
Enter3 = 36.226699
Exit1 = 1345.667724
Exit2 = -1021.830871
Exit3 = -31.141099
Price = 100000
Locked = 0
Interior = 5
VW = 377
Vrsta = 0
Ormar = 1
Skin1 = 59
Skin2 = 154
Skin3 = 59
SafeStatus = 1
SafePass = 123456
Oruzje1 = 0
Oruzje2 = 0
Oruzje3 = 0
Oruzje4 = 0
Municija1 = 0
Municija2 = 0
Municija3 = 0
Municija4 = 0
Drug1 = 449
Drug2 = 500
Drug3 = 150
Drug4 = 129
Drug5 = 0
Drug6 = 0
Drug7 = 0
Drug8 = 0
Drug9 = 0
Drug10 = 0
DrugCode1 = 3975
DrugCode2 = 3975
DrugCode3 = 6977
DrugCode4 = 6973
DrugCode5 = 0
DrugCode6 = 0
DrugCode7 = 0
DrugCode8 = 0
DrugCode9 = 0
DrugCode10 = 0
DoorLevel = 1
Alarm = 1
LockLevel = 1
Time = 0
PizzaTime = 0.000000
Level = 3
Adress = Temple
Porez = 0
VrednostPoreza = 0
Rentable = 1
RentPrice = 400
Rentovano = 0
Money = 0
Neaktivnost = 17
