Owned = 1
Owner = Pavlo_Putin
Usage = 2
Enter1 = 1196.498779
Enter2 = -1017.109130
Enter3 = 36.234375
Exit1 = 1345.667724
Exit2 = -1021.830871
Exit3 = -31.141099
Price = 100000
Locked = 1
Interior = 5
VW = 379
Vrsta = 0
Ormar = 1
Skin1 = 137
Skin2 = 0
Skin3 = 0
SafeStatus = 0
SafePass = 525031
Oruzje1 = 24
Oruzje2 = 25
Oruzje3 = 24
Oruzje4 = 29
Municija1 = 100
Municija2 = 153
Municija3 = 100
Municija4 = 150
Drug1 = 0
Drug2 = 0
Drug3 = 0
Drug4 = 0
Drug5 = 0
Drug6 = 0
Drug7 = 0
Drug8 = 0
Drug9 = 0
Drug10 = 0
DrugCode1 = 0
DrugCode2 = 0
DrugCode3 = 0
DrugCode4 = 0
DrugCode5 = 0
DrugCode6 = 0
DrugCode7 = 0
DrugCode8 = 0
DrugCode9 = 0
DrugCode10 = 0
DoorLevel = 5
Alarm = 2
LockLevel = 3
Time = 0
PizzaTime = 0.000000
Level = 3
Adress = Temple
Porez = 0
VrednostPoreza = 0
Rentable = 0
RentPrice = 0
Rentovano = 0
Money = 0
Neaktivnost = 3
