Owned = 0
Owner = Drzava
Usage = 1
Enter1 = 2129.645507
Enter2 = -1361.695800
Enter3 = 26.136316
Exit1 = 2178.884765
Exit2 = -1200.878662
Exit3 = -44.480098
Price = 300000
Locked = 1
Interior = 4
VW = 384
Vrsta = 1
Ormar = 1
Skin1 = 0
Skin2 = 0
Skin3 = 0
SafeStatus = 1
SafePass = 123456
Oruzje1 = 0
Oruzje2 = 0
Oruzje3 = 0
Oruzje4 = 0
Municija1 = 0
Municija2 = 0
Municija3 = 0
Municija4 = 0
Drug1 = 500
Drug2 = 500
Drug3 = 500
Drug4 = 500
Drug5 = 500
Drug6 = 170
Drug7 = 0
Drug8 = 0
Drug9 = 0
Drug10 = 0
DrugCode1 = 6975
DrugCode2 = 6975
DrugCode3 = 6975
DrugCode4 = 6975
DrugCode5 = 6975
DrugCode6 = 1999
DrugCode7 = 0
DrugCode8 = 0
DrugCode9 = 0
DrugCode10 = 0
DoorLevel = 3
Alarm = 2
LockLevel = 4
Time = 0
PizzaTime = 1436716160.000000
Level = 5
Adress = Jefferson
Porez = 0
VrednostPoreza = 0
Rentable = 0
RentPrice = 0
Rentovano = 0
Money = 0
Neaktivnost = 0
