Owned = 1
Owner = Ben_Johnson
Usage = 2
Enter1 = 1188.196166
Enter2 = -1011.905700
Enter3 = 32.546875
Exit1 = 1345.667724
Exit2 = -1021.830871
Exit3 = -31.141099
Price = 100000
Locked = 0
Interior = 5
VW = 385
Vrsta = 0
Ormar = 1
Skin1 = 0
Skin2 = 0
Skin3 = 0
SafeStatus = 1
SafePass = 158158
Oruzje1 = 0
Oruzje2 = 0
Oruzje3 = 0
Oruzje4 = 0
Municija1 = 0
Municija2 = 0
Municija3 = 0
Municija4 = 0
Drug1 = 90
Drug2 = 280
Drug3 = 260
Drug4 = 0
Drug5 = 0
Drug6 = 0
Drug7 = 0
Drug8 = 0
Drug9 = 0
Drug10 = 0
DrugCode1 = 6974
DrugCode2 = 6978
DrugCode3 = 6974
DrugCode4 = 0
DrugCode5 = 0
DrugCode6 = 0
DrugCode7 = 0
DrugCode8 = 0
DrugCode9 = 0
DrugCode10 = 0
DoorLevel = 1
Alarm = 0
LockLevel = 0
Time = 0
PizzaTime = 0.000000
Level = 3
Adress = Temple
Porez = 0
VrednostPoreza = 0
Rentable = 0
RentPrice = 0
Rentovano = 0
Money = 0
Neaktivnost = 347
