Owned = 1
Owner = Nikola_Belanovic
Usage = 1
Enter1 = 2191.110107
Enter2 = -1455.802856
Enter3 = 26.000000
Exit1 = 2178.884765
Exit2 = -1200.878662
Exit3 = -44.480098
Price = 300000
Locked = 0
Interior = 4
VW = 396
Vrsta = 1
Ormar = 1
Skin1 = 0
Skin2 = 0
Skin3 = 0
SafeStatus = 1
SafePass = 654321
Oruzje1 = 0
Oruzje2 = 0
Oruzje3 = 0
Oruzje4 = 0
Municija1 = 0
Municija2 = 0
Municija3 = 0
Municija4 = 0
Drug1 = 0
Drug2 = 0
Drug3 = 0
Drug4 = 0
Drug5 = 0
Drug6 = 0
Drug7 = 0
Drug8 = 0
Drug9 = 0
Drug10 = 0
DrugCode1 = 0
DrugCode2 = 0
DrugCode3 = 0
DrugCode4 = 0
DrugCode5 = 0
DrugCode6 = 0
DrugCode7 = 0
DrugCode8 = 0
DrugCode9 = 0
DrugCode10 = 0
DoorLevel = 1
Alarm = 1
LockLevel = 0
Time = 0
PizzaTime = 1438610560.000000
Level = 5
Adress = Jefferson
Porez = 0
VrednostPoreza = 0
Rentable = 1
RentPrice = 120
Rentovano = 0
Money = 274
Neaktivnost = 181
