Owned = 1
Owner = Mike_Ghettos
Usage = 2
Enter1 = 876.209350
Enter2 = -1512.939453
Enter3 = 14.348443
Exit1 = 1345.667724
Exit2 = -1021.830871
Exit3 = -31.141099
Price = 100000
Locked = 0
Interior = 5
VW = 409
Vrsta = 0
Ormar = 1
Skin1 = 113
Skin2 = 0
Skin3 = 0
SafeStatus = 0
SafePass = 564256
Oruzje1 = 25
Oruzje2 = 25
Oruzje3 = 25
Oruzje4 = 0
Municija1 = 100
Municija2 = 100
Municija3 = 100
Municija4 = 0
Drug1 = 100
Drug2 = 0
Drug3 = 0
Drug4 = 0
Drug5 = 0
Drug6 = 0
Drug7 = 0
Drug8 = 0
Drug9 = 0
Drug10 = 0
DrugCode1 = 6977
DrugCode2 = 0
DrugCode3 = 0
DrugCode4 = 0
DrugCode5 = 0
DrugCode6 = 0
DrugCode7 = 0
DrugCode8 = 0
DrugCode9 = 0
DrugCode10 = 0
DoorLevel = 1
Alarm = 2
LockLevel = 1
Time = 0
PizzaTime = 0.000000
Level = 3
Adress = Marina
Porez = 0
VrednostPoreza = 0
Rentable = 1
RentPrice = 1000
Rentovano = 3
Money = 1105
Neaktivnost = 103
