Owned = 1
Owner = Leonardo_Fratelli
Usage = 2
Enter1 = 1974.728759
Enter2 = -1671.194458
Enter3 = 15.968750
Exit1 = 1345.667724
Exit2 = -1021.830871
Exit3 = -31.141099
Price = 100000
Locked = 0
Interior = 5
VW = 43
Vrsta = 0
Ormar = 1
Skin1 = 189
Skin2 = 154
Skin3 = 0
SafeStatus = 1
SafePass = 123456
Oruzje1 = 25
Oruzje2 = 25
Oruzje3 = 25
Oruzje4 = 0
Municija1 = 228
Municija2 = 100
Municija3 = 29
Municija4 = 0
Drug1 = 150
Drug2 = 500
Drug3 = 46
Drug4 = 0
Drug5 = 0
Drug6 = 0
Drug7 = 0
Drug8 = 0
Drug9 = 0
Drug10 = 0
DrugCode1 = 6976
DrugCode2 = 6976
DrugCode3 = 5978
DrugCode4 = 0
DrugCode5 = 0
DrugCode6 = 0
DrugCode7 = 0
DrugCode8 = 0
DrugCode9 = 0
DrugCode10 = 0
DoorLevel = 5
Alarm = 4
LockLevel = 4
Time = 0
PizzaTime = 0.000000
Level = 3
Adress = Idlewood
Porez = 0
VrednostPoreza = 0
Rentable = 1
RentPrice = 500
Rentovano = 0
Money = 1
Neaktivnost = 3
