Owned = 1
Owner = Prince_Royce
Usage = 2
Enter1 = 1901.325683
Enter2 = -2019.516723
Enter3 = 13.546875
Exit1 = 1345.667724
Exit2 = -1021.830871
Exit3 = -31.141099
Price = 100000
Locked = 0
Interior = 5
VW = 435
Vrsta = 0
Ormar = 1
Skin1 = 0
Skin2 = 0
Skin3 = 0
SafeStatus = 0
SafePass = 632632
Oruzje1 = 31
Oruzje2 = 31
Oruzje3 = 30
Oruzje4 = 24
Municija1 = 150
Municija2 = 150
Municija3 = 342
Municija4 = 402
Drug1 = 500
Drug2 = 500
Drug3 = 500
Drug4 = 500
Drug5 = 500
Drug6 = 500
Drug7 = 500
Drug8 = 500
Drug9 = 0
Drug10 = 0
DrugCode1 = 6973
DrugCode2 = 6973
DrugCode3 = 6973
DrugCode4 = 6973
DrugCode5 = 6973
DrugCode6 = 6979
DrugCode7 = 6979
DrugCode8 = 6973
DrugCode9 = 0
DrugCode10 = 0
DoorLevel = 2
Alarm = 1
LockLevel = 1
Time = 0
PizzaTime = 0.000000
Level = 3
Adress = El Corona
Porez = 0
VrednostPoreza = 0
Rentable = 0
RentPrice = 0
Rentovano = 0
Money = 0
Neaktivnost = 16
