Owned = 1
Owner = Mirza_Campone
Usage = 2
Enter1 = 1906.079711
Enter2 = -2035.081542
Enter3 = 13.546875
Exit1 = 1345.667724
Exit2 = -1021.830871
Exit3 = -31.141099
Price = 100000
Locked = 0
Interior = 5
VW = 437
Vrsta = 0
Ormar = 1
Skin1 = 0
Skin2 = 154
Skin3 = 0
SafeStatus = 1
SafePass = 123456
Oruzje1 = 25
Oruzje2 = 46
Oruzje3 = 0
Oruzje4 = 0
Municija1 = 50
Municija2 = 1
Municija3 = 0
Municija4 = 0
Drug1 = 0
Drug2 = 35
Drug3 = 70
Drug4 = 0
Drug5 = 0
Drug6 = 0
Drug7 = 0
Drug8 = 0
Drug9 = 0
Drug10 = 0
DrugCode1 = 0
DrugCode2 = 3977
DrugCode3 = 3972
DrugCode4 = 0
DrugCode5 = 0
DrugCode6 = 0
DrugCode7 = 0
DrugCode8 = 0
DrugCode9 = 0
DrugCode10 = 0
DoorLevel = 0
Alarm = 1
LockLevel = 0
Time = 0
PizzaTime = 0.000000
Level = 3
Adress = El Corona
Porez = 0
VrednostPoreza = 0
Rentable = 1
RentPrice = 300
Rentovano = 0
Money = 2000
Neaktivnost = 59
