Owned = 1
Owner = Marko_Mark
Usage = 2
Enter1 = 1888.927490
Enter2 = -2000.821411
Enter3 = 13.546875
Exit1 = 1345.667724
Exit2 = -1021.830871
Exit3 = -31.141099
Price = 100000
Locked = 1
Interior = 5
VW = 438
Vrsta = 0
Ormar = 1
Skin1 = 189
Skin2 = 154
Skin3 = 97
SafeStatus = 1
SafePass = 726786
Oruzje1 = 0
Oruzje2 = 0
Oruzje3 = 0
Oruzje4 = 0
Municija1 = 0
Municija2 = 0
Municija3 = 0
Municija4 = 0
Drug1 = 0
Drug2 = 0
Drug3 = 0
Drug4 = 0
Drug5 = 0
Drug6 = 0
Drug7 = 0
Drug8 = 0
Drug9 = 0
Drug10 = 0
DrugCode1 = 0
DrugCode2 = 0
DrugCode3 = 0
DrugCode4 = 0
DrugCode5 = 0
DrugCode6 = 0
DrugCode7 = 0
DrugCode8 = 0
DrugCode9 = 0
DrugCode10 = 0
DoorLevel = 1
Alarm = 3
LockLevel = 1
Time = 0
PizzaTime = 0.000000
Level = 3
Adress = El Corona
Porez = 0
VrednostPoreza = 0
Rentable = 1
RentPrice = 100
Rentovano = 1
Money = 64
Neaktivnost = 4
