Owned = 1
Owner = Gangsta_Srecko
Usage = 2
Enter1 = 914.678344
Enter2 = -1816.745483
Enter3 = 13.308032
Exit1 = 1345.667724
Exit2 = -1021.830871
Exit3 = -31.141099
Price = 100000
Locked = 0
Interior = 5
VW = 460
Vrsta = 0
Ormar = 1
Skin1 = 185
Skin2 = 0
Skin3 = 0
SafeStatus = 0
SafePass = 821765
Oruzje1 = 24
Oruzje2 = 25
Oruzje3 = 24
Oruzje4 = 25
Municija1 = 100
Municija2 = 50
Municija3 = 100
Municija4 = 50
Drug1 = 50
Drug2 = 0
Drug3 = 3
Drug4 = 130
Drug5 = 150
Drug6 = 0
Drug7 = 0
Drug8 = 0
Drug9 = 0
Drug10 = 0
DrugCode1 = 3976
DrugCode2 = 0
DrugCode3 = 2981
DrugCode4 = 3980
DrugCode5 = 3983
DrugCode6 = 0
DrugCode7 = 0
DrugCode8 = 0
DrugCode9 = 0
DrugCode10 = 0
DoorLevel = 3
Alarm = 3
LockLevel = 3
Time = 0
PizzaTime = 0.000000
Level = 3
Adress = Verona Beach
Porez = 0
VrednostPoreza = 0
Rentable = 1
RentPrice = 600
Rentovano = 0
Money = 0
Neaktivnost = 56
