Owned = 1
Owner = Ozzy_Black
Usage = 2
Enter1 = 1970.051635
Enter2 = -1671.195922
Enter3 = 18.545551
Exit1 = 1345.667724
Exit2 = -1021.830871
Exit3 = -31.141099
Price = 100000
Locked = 1
Interior = 5
VW = 47
Vrsta = 0
Ormar = 1
Skin1 = 206
Skin2 = 0
Skin3 = 0
SafeStatus = 0
SafePass = 666666
Oruzje1 = 24
Oruzje2 = 0
Oruzje3 = 0
Oruzje4 = 0
Municija1 = 100
Municija2 = 0
Municija3 = 0
Municija4 = 0
Drug1 = 300
Drug2 = 0
Drug3 = 0
Drug4 = 0
Drug5 = 0
Drug6 = 0
Drug7 = 0
Drug8 = 0
Drug9 = 0
Drug10 = 0
DrugCode1 = 6974
DrugCode2 = 0
DrugCode3 = 0
DrugCode4 = 0
DrugCode5 = 0
DrugCode6 = 0
DrugCode7 = 0
DrugCode8 = 0
DrugCode9 = 0
DrugCode10 = 0
DoorLevel = 5
Alarm = 4
LockLevel = 4
Time = 0
PizzaTime = 0.000000
Level = 3
Adress = Idlewood
Porez = 0
VrednostPoreza = 0
Rentable = 1
RentPrice = 500
Rentovano = 0
Money = 195
Neaktivnost = 58
