Owned = 1
Owner = Choda_Lethal
Usage = 2
Enter1 = 813.661804
Enter2 = -1456.762451
Enter3 = 14.218811
Exit1 = 1345.667724
Exit2 = -1021.830871
Exit3 = -31.141099
Price = 100000
Locked = 1
Interior = 5
VW = 477
Vrsta = 0
Ormar = 1
Skin1 = 0
Skin2 = 0
Skin3 = 0
SafeStatus = 1
SafePass = 123321
Oruzje1 = 0
Oruzje2 = 0
Oruzje3 = 0
Oruzje4 = 0
Municija1 = 0
Municija2 = 0
Municija3 = 0
Municija4 = 0
Drug1 = 5
Drug2 = 1
Drug3 = 31
Drug4 = 2
Drug5 = 12
Drug6 = 0
Drug7 = 0
Drug8 = 0
Drug9 = 0
Drug10 = 0
DrugCode1 = 6978
DrugCode2 = 6979
DrugCode3 = 6978
DrugCode4 = 6976
DrugCode5 = 6976
DrugCode6 = 0
DrugCode7 = 0
DrugCode8 = 0
DrugCode9 = 0
DrugCode10 = 0
DoorLevel = 5
Alarm = 4
LockLevel = 4
Time = 0
PizzaTime = 0.000000
Level = 3
Adress = Marina
Porez = 0
VrednostPoreza = 0
Rentable = 1
RentPrice = 50
Rentovano = 2
Money = 550
Neaktivnost = 3
