Owned = 1
Owner = Wesley_Charlton
Usage = 2
Enter1 = 822.451293
Enter2 = -1505.520385
Enter3 = 14.397521
Exit1 = 1345.667724
Exit2 = -1021.830871
Exit3 = -31.141099
Price = 100000
Locked = 0
Interior = 5
VW = 478
Vrsta = 0
Ormar = 1
Skin1 = 124
Skin2 = 0
Skin3 = 0
SafeStatus = 1
SafePass = 311095
Oruzje1 = 0
Oruzje2 = 0
Oruzje3 = 0
Oruzje4 = 0
Municija1 = 0
Municija2 = 0
Municija3 = 0
Municija4 = 0
Drug1 = 0
Drug2 = 1
Drug3 = 3
Drug4 = 200
Drug5 = 500
Drug6 = 55
Drug7 = 3
Drug8 = 40
Drug9 = 0
Drug10 = 0
DrugCode1 = 0
DrugCode2 = 5970
DrugCode3 = 2977
DrugCode4 = 6975
DrugCode5 = 3978
DrugCode6 = 3978
DrugCode7 = 2983
DrugCode8 = 2982
DrugCode9 = 0
DrugCode10 = 0
DoorLevel = 1
Alarm = 0
LockLevel = 2
Time = 0
PizzaTime = 0.000000
Level = 3
Adress = Marina
Porez = 0
VrednostPoreza = 0
Rentable = 0
RentPrice = 0
Rentovano = 0
Money = 0
Neaktivnost = 11
