Owned = 1
Owner = Dovla_Nikolic
Usage = 1
Enter1 = -683.929443
Enter2 = 939.553283
Enter3 = 13.632802
Exit1 = 1915.924804
Exit2 = -371.074890
Exit3 = 7.406898
Price = 1
Locked = 0
Interior = 10
VW = 48
Vrsta = 3
Ormar = 1
Skin1 = 0
Skin2 = 0
Skin3 = 0
SafeStatus = 0
SafePass = 123456
Oruzje1 = 24
Oruzje2 = 0
Oruzje3 = 0
Oruzje4 = 0
Municija1 = 500
Municija2 = 0
Municija3 = 0
Municija4 = 0
Drug1 = 40
Drug2 = 100
Drug3 = 130
Drug4 = 0
Drug5 = 0
Drug6 = 0
Drug7 = 0
Drug8 = 0
Drug9 = 0
Drug10 = 0
DrugCode1 = 6977
DrugCode2 = 1999
DrugCode3 = 3981
DrugCode4 = 0
DrugCode5 = 0
DrugCode6 = 0
DrugCode7 = 0
DrugCode8 = 0
DrugCode9 = 0
DrugCode10 = 0
DoorLevel = 1
Alarm = 2
LockLevel = 1
Time = 0
PizzaTime = 0.000000
Level = 5
Adress = Tierra Robada
Porez = 0
VrednostPoreza = 0
Rentable = 0
RentPrice = 0
Rentovano = 0
Money = 0
Neaktivnost = 18
