Owned = 0
Owner = Drzava
Usage = 3
Enter1 = 2509.480468
Enter2 = 11.760511
Enter3 = 28.441644
Exit1 = 2160.287109
Exit2 = -1172.624389
Exit3 = 1029.861938
Price = 350000
Locked = 0
Interior = 7
VW = 510
Vrsta = 0
Ormar = 1
Skin1 = 177
Skin2 = 0
Skin3 = 107
SafeStatus = 1
SafePass = 123123
Oruzje1 = 0
Oruzje2 = 0
Oruzje3 = 0
Oruzje4 = 0
Municija1 = 0
Municija2 = 0
Municija3 = 0
Municija4 = 0
Drug1 = 300
Drug2 = 0
Drug3 = 0
Drug4 = 0
Drug5 = 0
Drug6 = 0
Drug7 = 0
Drug8 = 0
Drug9 = 0
Drug10 = 0
DrugCode1 = 6974
DrugCode2 = 0
DrugCode3 = 0
DrugCode4 = 0
DrugCode5 = 0
DrugCode6 = 0
DrugCode7 = 0
DrugCode8 = 0
DrugCode9 = 0
DrugCode10 = 0
DoorLevel = 2
Alarm = 1
LockLevel = 0
Time = 0
PizzaTime = 0.000000
Level = 5
Adress = Palomino Creek
Porez = 0
VrednostPoreza = 0
Rentable = 0
RentPrice = 0
Rentovano = 0
Money = 0
Neaktivnost = 0
