Owned = 1
Owner = Lazar_Molotov
Usage = 1
Enter1 = 315.808410
Enter2 = -1769.446899
Enter3 = 4.622219
Exit1 = 1965.128295
Exit2 = -680.624816
Exit3 = 52.304901
Price = 500000
Locked = 0
Interior = 6
VW = 516
Vrsta = 2
Ormar = 1
Skin1 = 252
Skin2 = 154
Skin3 = 294
SafeStatus = 1
SafePass = 123456
Oruzje1 = 0
Oruzje2 = 0
Oruzje3 = 0
Oruzje4 = 0
Municija1 = 0
Municija2 = 0
Municija3 = 0
Municija4 = 0
Drug1 = 0
Drug2 = 0
Drug3 = 0
Drug4 = 0
Drug5 = 0
Drug6 = 0
Drug7 = 0
Drug8 = 0
Drug9 = 0
Drug10 = 0
DrugCode1 = 0
DrugCode2 = 0
DrugCode3 = 0
DrugCode4 = 0
DrugCode5 = 0
DrugCode6 = 0
DrugCode7 = 0
DrugCode8 = 0
DrugCode9 = 0
DrugCode10 = 0
DoorLevel = 3
Alarm = 3
LockLevel = 3
Time = 0
PizzaTime = 1438615680.000000
Level = 5
Adress = Santa Maria Beach
Porez = 0
VrednostPoreza = 0
Rentable = 0
RentPrice = 0
Rentovano = 1
Money = 1
Neaktivnost = 30
