Owned = 0
Owner = Drzava
Usage = 3
Enter1 = 2518.454589
Enter2 = 128.985702
Enter3 = 27.675645
Exit1 = 2160.287109
Exit2 = -1172.624389
Exit3 = 1029.861938
Price = 350000
Locked = 1
Interior = 7
VW = 521
Vrsta = 0
Ormar = 1
Skin1 = 0
Skin2 = 0
Skin3 = 0
SafeStatus = 1
SafePass = 888888
Oruzje1 = 24
Oruzje2 = 24
Oruzje3 = 24
Oruzje4 = 24
Municija1 = 362
Municija2 = 295
Municija3 = 319
Municija4 = 244
Drug1 = 0
Drug2 = 100
Drug3 = 200
Drug4 = 0
Drug5 = 0
Drug6 = 0
Drug7 = 0
Drug8 = 0
Drug9 = 0
Drug10 = 0
DrugCode1 = 0
DrugCode2 = 3970
DrugCode3 = 3970
DrugCode4 = 0
DrugCode5 = 0
DrugCode6 = 0
DrugCode7 = 0
DrugCode8 = 0
DrugCode9 = 0
DrugCode10 = 0
DoorLevel = 0
Alarm = 0
LockLevel = 0
Time = 0
PizzaTime = 0.000000
Level = 5
Adress = Palomino Creek
Porez = 0
VrednostPoreza = 0
Rentable = 0
RentPrice = 0
Rentovano = 0
Money = 0
