Owned = 0
Owner = Drzava
Usage = 1
Enter1 = 2385.446533
Enter2 = -1712.183471
Enter3 = 14.242177
Exit1 = 1965.128295
Exit2 = -680.624816
Exit3 = 52.304901
Price = 500000
Locked = 1
Interior = 6
VW = 54
Vrsta = 2
Ormar = 0
Skin1 = 0
Skin2 = 0
Skin3 = 0
SafeStatus = 0
SafePass = 123456
Oruzje1 = 24
Oruzje2 = 25
Oruzje3 = 25
Oruzje4 = 29
Municija1 = 100
Municija2 = 92
Municija3 = 50
Municija4 = 150
Drug1 = 0
Drug2 = 0
Drug3 = 0
Drug4 = 0
Drug5 = 0
Drug6 = 0
Drug7 = 0
Drug8 = 0
Drug9 = 0
Drug10 = 0
DrugCode1 = 0
DrugCode2 = 0
DrugCode3 = 0
DrugCode4 = 0
DrugCode5 = 0
DrugCode6 = 0
DrugCode7 = 0
DrugCode8 = 0
DrugCode9 = 0
DrugCode10 = 0
DoorLevel = 0
Alarm = 0
LockLevel = 0
Time = 0
PizzaTime = 1435517184.000000
Level = 5
Adress = Ganton
Porez = 0
VrednostPoreza = 0
Rentable = 1
RentPrice = 100
Rentovano = 0
Money = 0
Neaktivnost = 0
