Owned = 0
Owner = Drzava
Usage = 1
Enter1 = 1496.988281
Enter2 = -687.891662
Enter3 = 95.563308
Exit1 = 2321.835449
Exit2 = -373.050903
Exit3 = 22.105899
Price = 1000000
Locked = 0
Interior = 12
VW = 55
Vrsta = 4
Ormar = 1
Skin1 = 26
Skin2 = 154
Skin3 = 0
SafeStatus = 1
SafePass = 123456
Oruzje1 = 0
Oruzje2 = 0
Oruzje3 = 0
Oruzje4 = 0
Municija1 = 0
Municija2 = 0
Municija3 = 0
Municija4 = 0
Drug1 = 0
Drug2 = 0
Drug3 = 3
Drug4 = 0
Drug5 = 0
Drug6 = 0
Drug7 = 0
Drug8 = 0
Drug9 = 0
Drug10 = 0
DrugCode1 = 0
DrugCode2 = 0
DrugCode3 = 6977
DrugCode4 = 0
DrugCode5 = 0
DrugCode6 = 0
DrugCode7 = 0
DrugCode8 = 0
DrugCode9 = 0
DrugCode10 = 0
DoorLevel = 5
Alarm = 4
LockLevel = 4
Time = 0
PizzaTime = 1435166976.000000
Level = 99
Adress = Mulholland
Porez = 0
VrednostPoreza = 0
Rentable = 1
RentPrice = 1
Rentovano = 14
Money = 3109
Neaktivnost = 0
