Owned = 1
Owner = Adzo_Stallone
Usage = 2
Enter1 = 1492.300048
Enter2 = -1126.049194
Enter3 = 24.078125
Exit1 = 1345.667724
Exit2 = -1021.830871
Exit3 = -31.141099
Price = 100000
Locked = 0
Interior = 5
VW = 57
Vrsta = 0
Ormar = 1
Skin1 = 105
Skin2 = 17
Skin3 = 22
SafeStatus = 1
SafePass = 123456
Oruzje1 = 24
Oruzje2 = 25
Oruzje3 = 4
Oruzje4 = 29
Municija1 = 100
Municija2 = 50
Municija3 = 1
Municija4 = 150
Drug1 = 486
Drug2 = 500
Drug3 = 0
Drug4 = 0
Drug5 = 0
Drug6 = 0
Drug7 = 0
Drug8 = 0
Drug9 = 0
Drug10 = 0
DrugCode1 = 3974
DrugCode2 = 3974
DrugCode3 = 0
DrugCode4 = 0
DrugCode5 = 0
DrugCode6 = 0
DrugCode7 = 0
DrugCode8 = 0
DrugCode9 = 0
DrugCode10 = 0
DoorLevel = 2
Alarm = 0
LockLevel = 4
Time = 0
PizzaTime = 0.000000
Level = 3
Adress = Mulholland Section
Porez = 0
VrednostPoreza = 0
Rentable = 1
RentPrice = 1000
Rentovano = 2
Money = 2000
Neaktivnost = 358
