Owned = 1
Owner = Fabrizio_Shukareli
Usage = 2
Enter1 = 1370.810424
Enter2 = -1320.189086
Enter3 = 13.546875
Exit1 = 1345.667724
Exit2 = -1021.830871
Exit3 = -31.141099
Price = 100000
Locked = 0
Interior = 5
VW = 584
Vrsta = 0
Ormar = 1
Skin1 = 61
Skin2 = 0
Skin3 = 0
SafeStatus = 1
SafePass = 666666
Oruzje1 = 0
Oruzje2 = 0
Oruzje3 = 24
Oruzje4 = 25
Municija1 = 0
Municija2 = 0
Municija3 = 96
Municija4 = 48
Drug1 = 465
Drug2 = 500
Drug3 = 350
Drug4 = 0
Drug5 = 0
Drug6 = 0
Drug7 = 0
Drug8 = 0
Drug9 = 0
Drug10 = 0
DrugCode1 = 3978
DrugCode2 = 3978
DrugCode3 = 3978
DrugCode4 = 0
DrugCode5 = 0
DrugCode6 = 0
DrugCode7 = 0
DrugCode8 = 0
DrugCode9 = 0
DrugCode10 = 0
DoorLevel = 4
Alarm = 4
LockLevel = 1
Time = 0
PizzaTime = 0.000000
Level = 3
Adress = Downtown Nice Guys
Porez = 0
VrednostPoreza = 0
Rentable = 1
RentPrice = 300
Rentovano = 5
Money = 8440
Neaktivnost = 63
