Owned = 1
Owner = Liorz_Diez
Usage = 2
Enter1 = 1370.813964
Enter2 = -1361.460937
Enter3 = 13.546875
Exit1 = 1345.667724
Exit2 = -1021.830871
Exit3 = -31.141099
Price = 100000
Locked = 1
Interior = 5
VW = 588
Vrsta = 0
Ormar = 1
Skin1 = 50
Skin2 = 255
Skin3 = 0
SafeStatus = 0
SafePass = 199611
Oruzje1 = 30
Oruzje2 = 24
Oruzje3 = 29
Oruzje4 = 0
Municija1 = 140
Municija2 = 24
Municija3 = 150
Municija4 = 0
Drug1 = 8
Drug2 = 2
Drug3 = 0
Drug4 = 0
Drug5 = 0
Drug6 = 0
Drug7 = 0
Drug8 = 0
Drug9 = 0
Drug10 = 0
DrugCode1 = 3972
DrugCode2 = 6973
DrugCode3 = 0
DrugCode4 = 0
DrugCode5 = 0
DrugCode6 = 0
DrugCode7 = 0
DrugCode8 = 0
DrugCode9 = 0
DrugCode10 = 0
DoorLevel = 2
Alarm = 1
LockLevel = 1
Time = 0
PizzaTime = 0.000000
Level = 3
Adress = Downtown Nice Guys
Porez = 0
VrednostPoreza = 0
Rentable = 1
RentPrice = 500
Rentovano = 7
Money = 7000
Neaktivnost = 226
