Owned = 1
Owner = Tony_Banderas
Usage = 2
Enter1 = 1370.813354
Enter2 = -1365.515991
Enter3 = 13.546875
Exit1 = 1345.667724
Exit2 = -1021.830871
Exit3 = -31.141099
Price = 100000
Locked = 0
Interior = 5
VW = 589
Vrsta = 0
Ormar = 1
Skin1 = 230
Skin2 = 212
Skin3 = 0
SafeStatus = 1
SafePass = 161016
Oruzje1 = 0
Oruzje2 = 0
Oruzje3 = 0
Oruzje4 = 0
Municija1 = 0
Municija2 = 0
Municija3 = 0
Municija4 = 0
Drug1 = 40
Drug2 = 0
Drug3 = 0
Drug4 = 6
Drug5 = 9
Drug6 = 0
Drug7 = 7
Drug8 = 7
Drug9 = 0
Drug10 = 2
DrugCode1 = 3980
DrugCode2 = 0
DrugCode3 = 0
DrugCode4 = 3974
DrugCode5 = 3978
DrugCode6 = 0
DrugCode7 = 3975
DrugCode8 = 3972
DrugCode9 = 0
DrugCode10 = 3972
DoorLevel = 4
Alarm = 1
LockLevel = 2
Time = 0
PizzaTime = 0.000000
Level = 3
Adress = Downtown Nice Guys
Porez = 0
VrednostPoreza = 0
Rentable = 0
RentPrice = 0
Rentovano = 0
Money = 0
Neaktivnost = 3
