Owned = 0
Owner = Drzava
Usage = 1
Enter1 = 2652.869873
Enter2 = -1989.423828
Enter3 = 13.998847
Exit1 = 2178.884765
Exit2 = -1200.878662
Exit3 = -44.480098
Price = 300000
Locked = 0
Interior = 4
VW = 590
Vrsta = 1
Ormar = 1
Skin1 = 230
Skin2 = 270
Skin3 = 0
SafeStatus = 0
SafePass = 123456
Oruzje1 = 30
Oruzje2 = 24
Oruzje3 = 24
Oruzje4 = 31
Municija1 = 150
Municija2 = 100
Municija3 = 99
Municija4 = 150
Drug1 = 400
Drug2 = 400
Drug3 = 400
Drug4 = 450
Drug5 = 0
Drug6 = 0
Drug7 = 0
Drug8 = 0
Drug9 = 0
Drug10 = 0
DrugCode1 = 3976
DrugCode2 = 3976
DrugCode3 = 6977
DrugCode4 = 6977
DrugCode5 = 0
DrugCode6 = 0
DrugCode7 = 0
DrugCode8 = 0
DrugCode9 = 0
DrugCode10 = 0
DoorLevel = 1
Alarm = 1
LockLevel = 1
Time = 0
PizzaTime = 0.000000
Level = 5
Adress = Willowfield
Porez = 0
VrednostPoreza = 0
Rentable = 1
RentPrice = 500
Rentovano = 0
Money = 0
Neaktivnost = 0
