Owned = 1
Owner = Anchy_Corleone
Usage = 1
Enter1 = 2673.354736
Enter2 = -2020.289184
Enter3 = 14.168166
Exit1 = 2178.884765
Exit2 = -1200.878662
Exit3 = -44.480098
Price = 300000
Locked = 1
Interior = 4
VW = 594
Vrsta = 1
Ormar = 1
Skin1 = 216
Skin2 = 0
Skin3 = 0
SafeStatus = 0
SafePass = 197000
Oruzje1 = 26
Oruzje2 = 0
Oruzje3 = 27
Oruzje4 = 24
Municija1 = 142
Municija2 = 0
Municija3 = 451
Municija4 = 200
Drug1 = 400
Drug2 = 500
Drug3 = 500
Drug4 = 500
Drug5 = 0
Drug6 = 0
Drug7 = 0
Drug8 = 0
Drug9 = 0
Drug10 = 0
DrugCode1 = 6978
DrugCode2 = 6978
DrugCode3 = 6979
DrugCode4 = 6979
DrugCode5 = 0
DrugCode6 = 0
DrugCode7 = 0
DrugCode8 = 0
DrugCode9 = 0
DrugCode10 = 0
DoorLevel = 0
Alarm = 0
LockLevel = 0
Time = 0
PizzaTime = 0.000000
Level = 5
Adress = Willowfield
Porez = 0
VrednostPoreza = 0
Rentable = 0
RentPrice = 0
Rentovano = 0
Money = 0
Neaktivnost = 7
