Owned = 1
Owner = Amar_Putin
Usage = 2
Enter1 = 2787.071533
Enter2 = -1952.797241
Enter3 = 13.546875
Exit1 = 1345.667724
Exit2 = -1021.830871
Exit3 = -31.141099
Price = 100000
Locked = 0
Interior = 5
VW = 597
Vrsta = 0
Ormar = 1
Skin1 = 111
Skin2 = 154
Skin3 = 154
SafeStatus = 1
SafePass = 123456
Oruzje1 = 0
Oruzje2 = 34
Oruzje3 = 26
Oruzje4 = 27
Municija1 = 0
Municija2 = 500
Municija3 = 243
Municija4 = 275
Drug1 = 0
Drug2 = 0
Drug3 = 0
Drug4 = 0
Drug5 = 0
Drug6 = 0
Drug7 = 0
Drug8 = 0
Drug9 = 0
Drug10 = 0
DrugCode1 = 0
DrugCode2 = 0
DrugCode3 = 0
DrugCode4 = 0
DrugCode5 = 0
DrugCode6 = 0
DrugCode7 = 0
DrugCode8 = 0
DrugCode9 = 0
DrugCode10 = 0
DoorLevel = 1
Alarm = 1
LockLevel = 1
Time = 0
PizzaTime = 0.000000
Level = 3
Adress = Playa del Seville
Porez = 0
VrednostPoreza = 0
Rentable = 1
RentPrice = 1
Rentovano = 3
Money = 23031
Neaktivnost = 3
