Owned = 1
Owner = Savo_Vutra
Usage = 1
Enter1 = 2524.396240
Enter2 = -1998.358032
Enter3 = 14.113080
Exit1 = 2178.884765
Exit2 = -1200.878662
Exit3 = -44.480098
Price = 300000
Locked = 0
Interior = 4
VW = 605
Vrsta = 1
Ormar = 1
Skin1 = 0
Skin2 = 0
Skin3 = 0
SafeStatus = 1
SafePass = 123456
Oruzje1 = 24
Oruzje2 = 25
Oruzje3 = 24
Oruzje4 = 25
Municija1 = 100
Municija2 = 50
Municija3 = 100
Municija4 = 50
Drug1 = 500
Drug2 = 500
Drug3 = 0
Drug4 = 0
Drug5 = 0
Drug6 = 0
Drug7 = 0
Drug8 = 0
Drug9 = 0
Drug10 = 0
DrugCode1 = 6975
DrugCode2 = 6975
DrugCode3 = 0
DrugCode4 = 0
DrugCode5 = 0
DrugCode6 = 0
DrugCode7 = 0
DrugCode8 = 0
DrugCode9 = 0
DrugCode10 = 0
DoorLevel = 3
Alarm = 0
LockLevel = 0
Time = 0
PizzaTime = 0.000000
Level = 5
Adress = Willowfield
Porez = 0
VrednostPoreza = 0
Rentable = 1
RentPrice = 1000
Rentovano = 0
Money = 2281
Neaktivnost = 356
