Owned = 1
Owner = Ake_Boss
Usage = 2
Enter1 = 1729.406494
Enter2 = -1182.687255
Enter3 = 23.837440
Exit1 = 1345.667724
Exit2 = -1021.830871
Exit3 = -31.141099
Price = 100000
Locked = 0
Interior = 5
VW = 613
Vrsta = 0
Ormar = 1
Skin1 = 126
Skin2 = 0
Skin3 = 0
SafeStatus = 1
SafePass = 666666
Oruzje1 = 31
Oruzje2 = 31
Oruzje3 = 31
Oruzje4 = 31
Municija1 = 150
Municija2 = 150
Municija3 = 150
Municija4 = 150
Drug1 = 450
Drug2 = 280
Drug3 = 70
Drug4 = 0
Drug5 = 0
Drug6 = 0
Drug7 = 0
Drug8 = 0
Drug9 = 0
Drug10 = 0
DrugCode1 = 1999
DrugCode2 = 1999
DrugCode3 = 3975
DrugCode4 = 0
DrugCode5 = 0
DrugCode6 = 0
DrugCode7 = 0
DrugCode8 = 0
DrugCode9 = 0
DrugCode10 = 0
DoorLevel = 0
Alarm = 0
LockLevel = 0
Time = 0
PizzaTime = 0.000000
Level = 3
Adress = Downtown Nice Guys
Porez = 0
VrednostPoreza = 0
Rentable = 0
RentPrice = 0
Rentovano = 0
Money = 0
Neaktivnost = 42
