Owned = 1
Owner = Amar_Caluk
Usage = 2
Enter1 = 2801.916015
Enter2 = -1962.962036
Enter3 = 13.546875
Exit1 = 1345.667724
Exit2 = -1021.830871
Exit3 = -31.141099
Price = 100000
Locked = 0
Interior = 5
VW = 616
Vrsta = 0
Ormar = 1
Skin1 = 81
Skin2 = 0
Skin3 = 0
SafeStatus = 1
SafePass = 129866
Oruzje1 = 0
Oruzje2 = 0
Oruzje3 = 0
Oruzje4 = 0
Municija1 = 0
Municija2 = 0
Municija3 = 0
Municija4 = 0
Drug1 = 100
Drug2 = 55
Drug3 = 53
Drug4 = 0
Drug5 = 0
Drug6 = 0
Drug7 = 0
Drug8 = 0
Drug9 = 0
Drug10 = 0
DrugCode1 = 6978
DrugCode2 = 6976
DrugCode3 = 3978
DrugCode4 = 0
DrugCode5 = 0
DrugCode6 = 0
DrugCode7 = 0
DrugCode8 = 0
DrugCode9 = 0
DrugCode10 = 0
DoorLevel = 2
Alarm = 2
LockLevel = 1
Time = 0
PizzaTime = 0.000000
Level = 3
Adress = Playa del Seville
Porez = 0
VrednostPoreza = 0
Rentable = 1
RentPrice = 1
Rentovano = 0
Money = 0
Neaktivnost = 79
