Owned = 1
Owner = Richard_Montana
Usage = 2
Enter1 = 2801.921142
Enter2 = -1936.370239
Enter3 = 13.546875
Exit1 = 1345.667724
Exit2 = -1021.830871
Exit3 = -31.141099
Price = 100000
Locked = 0
Interior = 5
VW = 617
Vrsta = 0
Ormar = 1
Skin1 = 26
Skin2 = 26
Skin3 = 0
SafeStatus = 1
SafePass = 123456
Oruzje1 = 24
Oruzje2 = 0
Oruzje3 = 0
Oruzje4 = 25
Municija1 = 64
Municija2 = 0
Municija3 = 0
Municija4 = 50
Drug1 = 0
Drug2 = 1
Drug3 = 0
Drug4 = 0
Drug5 = 0
Drug6 = 0
Drug7 = 0
Drug8 = 0
Drug9 = 0
Drug10 = 0
DrugCode1 = 0
DrugCode2 = 3978
DrugCode3 = 0
DrugCode4 = 0
DrugCode5 = 0
DrugCode6 = 0
DrugCode7 = 0
DrugCode8 = 0
DrugCode9 = 0
DrugCode10 = 0
DoorLevel = 4
Alarm = 3
LockLevel = 4
Time = 0
PizzaTime = 0.000000
Level = 3
Adress = Playa del Seville
Porez = 0
VrednostPoreza = 0
Rentable = 1
RentPrice = 1
Rentovano = 1
Money = 8939
Neaktivnost = 16
