Owned = 0
Owner = Drzava
Usage = 1
Enter1 = 1298.514038
Enter2 = -797.986511
Enter3 = 84.140625
Exit1 = 2321.835449
Exit2 = -373.050903
Exit3 = 22.105899
Price = 1
Locked = 0
Interior = 12
VW = 62
Vrsta = 4
Ormar = 0
Skin1 = 0
Skin2 = 0
Skin3 = 0
SafeStatus = 1
SafePass = 123456
Oruzje1 = 0
Oruzje2 = 0
Oruzje3 = 0
Oruzje4 = 0
Municija1 = 0
Municija2 = 0
Municija3 = 0
Municija4 = 0
Drug1 = 500
Drug2 = 500
Drug3 = 0
Drug4 = 0
Drug5 = 0
Drug6 = 0
Drug7 = 250
Drug8 = 0
Drug9 = 0
Drug10 = 0
DrugCode1 = 1999
DrugCode2 = 1999
DrugCode3 = 0
DrugCode4 = 0
DrugCode5 = 0
DrugCode6 = 0
DrugCode7 = 6980
DrugCode8 = 0
DrugCode9 = 0
DrugCode10 = 0
DoorLevel = 0
Alarm = 0
LockLevel = 0
Time = 0
PizzaTime = 1435168768.000000
Level = 99
Adress = Mulholland
Porez = 0
VrednostPoreza = 0
Rentable = 0
RentPrice = 0
Rentovano = 3
Money = 305
Neaktivnost = 0
