Owned = 1
Owner = Blanco_Bianchi
Usage = 3
Enter1 = 758.919921
Enter2 = 375.018981
Enter3 = 23.392187
Exit1 = 2160.287109
Exit2 = -1172.624389
Exit3 = 1029.861938
Price = 350000
Locked = 0
Interior = 7
VW = 658
Vrsta = 0
Ormar = 0
Skin1 = 0
Skin2 = 0
Skin3 = 0
SafeStatus = 0
SafePass = 123456
Oruzje1 = 0
Oruzje2 = 0
Oruzje3 = 0
Oruzje4 = 0
Municija1 = 0
Municija2 = 0
Municija3 = 0
Municija4 = 0
Drug1 = 500
Drug2 = 500
Drug3 = 500
Drug4 = 500
Drug5 = 500
Drug6 = 500
Drug7 = 500
Drug8 = 500
Drug9 = 500
Drug10 = 500
DrugCode1 = 3977
DrugCode2 = 3977
DrugCode3 = 3975
DrugCode4 = 3976
DrugCode5 = 3976
DrugCode6 = 3976
DrugCode7 = 3976
DrugCode8 = 3977
DrugCode9 = 3980
DrugCode10 = 3980
DoorLevel = 0
Alarm = 0
LockLevel = 0
Time = 0
PizzaTime = 0.000000
Level = 5
Adress = Red County
Porez = 0
VrednostPoreza = 0
Rentable = 0
RentPrice = 0
Rentovano = 0
Money = 0
Neaktivnost = 13
