Owned = 0
Owner = Drzava
Usage = 3
Enter1 = 805.442016
Enter2 = 358.361328
Enter3 = 19.762119
Exit1 = 2160.287109
Exit2 = -1172.624389
Exit3 = 1029.861938
Price = 350000
Locked = 1
Interior = 7
VW = 659
Vrsta = 0
Ormar = 0
Skin1 = 0
Skin2 = 0
Skin3 = 0
SafeStatus = 1
SafePass = 123456
Oruzje1 = 0
Oruzje2 = 0
Oruzje3 = 0
Oruzje4 = 0
Municija1 = 0
Municija2 = 0
Municija3 = 0
Municija4 = 0
Drug1 = 500
Drug2 = 500
Drug3 = 500
Drug4 = 500
Drug5 = 500
Drug6 = 500
Drug7 = 500
Drug8 = 500
Drug9 = 500
Drug10 = 500
DrugCode1 = 3975
DrugCode2 = 3975
DrugCode3 = 3975
DrugCode4 = 3975
DrugCode5 = 6975
DrugCode6 = 6975
DrugCode7 = 6975
DrugCode8 = 6975
DrugCode9 = 6975
DrugCode10 = 6982
DoorLevel = 0
Alarm = 0
LockLevel = 0
Time = 0
PizzaTime = 0.000000
Level = 5
Adress = Red County
Porez = 0
VrednostPoreza = 0
Rentable = 0
RentPrice = 0
Rentovano = 0
Money = 13000
Neaktivnost = 0
