Owned = 1
Owner = Nezim_Avdic
Usage = 1
Enter1 = 1065.897338
Enter2 = -1687.579101
Enter3 = 13.495943
Exit1 = 1915.924804
Exit2 = -371.074890
Exit3 = 7.406898
Price = 750000
Locked = 1
Interior = 10
VW = 691
Vrsta = 3
Ormar = 1
Skin1 = 0
Skin2 = 0
Skin3 = 0
SafeStatus = 1
SafePass = 123456
Oruzje1 = 30
Oruzje2 = 25
Oruzje3 = 46
Oruzje4 = 24
Municija1 = 120
Municija2 = 46
Municija3 = 1
Municija4 = 50
Drug1 = 270
Drug2 = 490
Drug3 = 400
Drug4 = 219
Drug5 = 0
Drug6 = 0
Drug7 = 0
Drug8 = 0
Drug9 = 0
Drug10 = 0
DrugCode1 = 1999
DrugCode2 = 6978
DrugCode3 = 3977
DrugCode4 = 6978
DrugCode5 = 0
DrugCode6 = 0
DrugCode7 = 0
DrugCode8 = 0
DrugCode9 = 0
DrugCode10 = 0
DoorLevel = 0
Alarm = 0
LockLevel = 0
Time = 0
PizzaTime = 0.000000
Level = 5
Adress = Verona Beach
Porez = 0
VrednostPoreza = 0
Rentable = 0
RentPrice = 0
Rentovano = 0
Money = 0
Neaktivnost = 3
