Owned = 1
Owner = Daria
Usage = 1
Enter1 = 691.576416
Enter2 = -1275.949096
Enter3 = 13.629508
Exit1 = 2321.835449
Exit2 = -373.050903
Exit3 = 22.105899
Price = 1
Locked = 0
Interior = 12
VW = 693
Vrsta = 4
Ormar = 0
Skin1 = 0
Skin2 = 0
Skin3 = 0
SafeStatus = 1
SafePass = 171194
Oruzje1 = 0
Oruzje2 = 0
Oruzje3 = 0
Oruzje4 = 0
Municija1 = 0
Municija2 = 0
Municija3 = 0
Municija4 = 0
Drug1 = 100
Drug2 = 500
Drug3 = 500
Drug4 = 0
Drug5 = 500
Drug6 = 500
Drug7 = 500
Drug8 = 70
Drug9 = 0
Drug10 = 0
DrugCode1 = 6975
DrugCode2 = 3975
DrugCode3 = 3975
DrugCode4 = 0
DrugCode5 = 6975
DrugCode6 = 6975
DrugCode7 = 3975
DrugCode8 = 3975
DrugCode9 = 0
DrugCode10 = 0
DoorLevel = 0
Alarm = 0
LockLevel = 0
Time = 0
PizzaTime = 1434927232.000000
Level = 99
Adress = Vinewood
Porez = 0
VrednostPoreza = 0
Rentable = 1
RentPrice = 1
Rentovano = 1
Money = 94
Neaktivnost = 3
