Owned = 1
Owner = Dax_Wright
Usage = 3
Enter1 = -673.016113
Enter2 = 2705.993652
Enter3 = 70.663284
Exit1 = 2160.287109
Exit2 = -1172.624389
Exit3 = 1029.861938
Price = 350000
Locked = 0
Interior = 7
VW = 706
Vrsta = 0
Ormar = 1
Skin1 = 294
Skin2 = 294
Skin3 = 0
SafeStatus = 0
SafePass = 0
Oruzje1 = 0
Oruzje2 = 0
Oruzje3 = 0
Oruzje4 = 0
Municija1 = 0
Municija2 = 0
Municija3 = 0
Municija4 = 0
Drug1 = 0
Drug2 = 0
Drug3 = 0
Drug4 = 0
Drug5 = 0
Drug6 = 0
Drug7 = 0
Drug8 = 0
Drug9 = 0
Drug10 = 0
DrugCode1 = 0
DrugCode2 = 0
DrugCode3 = 0
DrugCode4 = 0
DrugCode5 = 0
DrugCode6 = 0
DrugCode7 = 0
DrugCode8 = 0
DrugCode9 = 0
DrugCode10 = 0
DoorLevel = 1
Alarm = 1
LockLevel = 1
Time = 0
PizzaTime = 0.000000
Level = 5
Adress = Tierra Robada
Neaktivnost = 147
Rentable = 0
RentPrice = 0
Rentovano = 0
Money = 0
