Owned = 0
Owner = Drzava
Usage = 1
Enter1 = 2244.502441
Enter2 = -1637.773315
Enter3 = 16.237878
Exit1 = 1965.128295
Exit2 = -680.624816
Exit3 = 52.304901
Price = 500000
Locked = 0
Interior = 6
VW = 71
Vrsta = 2
Ormar = 1
Skin1 = 0
Skin2 = 0
Skin3 = 0
SafeStatus = 1
SafePass = 123456
Oruzje1 = 0
Oruzje2 = 0
Oruzje3 = 0
Oruzje4 = 0
Municija1 = 0
Municija2 = 0
Municija3 = 0
Municija4 = 0
Drug1 = 91
Drug2 = 0
Drug3 = 0
Drug4 = 0
Drug5 = 0
Drug6 = 0
Drug7 = 0
Drug8 = 0
Drug9 = 0
Drug10 = 0
DrugCode1 = 3974
DrugCode2 = 0
DrugCode3 = 0
DrugCode4 = 0
DrugCode5 = 0
DrugCode6 = 0
DrugCode7 = 0
DrugCode8 = 0
DrugCode9 = 0
DrugCode10 = 0
DoorLevel = 5
Alarm = 4
LockLevel = 4
Time = 0
PizzaTime = 1442655616.000000
Level = 5
Adress = Ganton
Porez = 0
VrednostPoreza = 0
Rentable = 1
RentPrice = 1000
Rentovano = 0
Money = 5616
Neaktivnost = 0
