Owned = 1
Owner = Edin_Gambino
Usage = 2
Enter1 = 1179.892211
Enter2 = -1261.065063
Enter3 = 18.898437
Exit1 = 1345.667724
Exit2 = -1021.830871
Exit3 = -31.141099
Price = 100000
Locked = 1
Interior = 5
VW = 73
Vrsta = 0
Ormar = 1
Skin1 = 0
Skin2 = 154
Skin3 = 0
SafeStatus = 0
SafePass = 121212
Oruzje1 = 28
Oruzje2 = 31
Oruzje3 = 0
Oruzje4 = 0
Municija1 = 100
Municija2 = 150
Municija3 = 0
Municija4 = 0
Drug1 = 47
Drug2 = 112
Drug3 = 41
Drug4 = 0
Drug5 = 0
Drug6 = 0
Drug7 = 0
Drug8 = 0
Drug9 = 0
Drug10 = 0
DrugCode1 = 6977
DrugCode2 = 6977
DrugCode3 = 6973
DrugCode4 = 0
DrugCode5 = 0
DrugCode6 = 0
DrugCode7 = 0
DrugCode8 = 0
DrugCode9 = 0
DrugCode10 = 0
DoorLevel = 5
Alarm = 4
LockLevel = 4
Time = 0
PizzaTime = 0.000000
Level = 3
Adress = Market
Porez = 0
VrednostPoreza = 0
Rentable = 1
RentPrice = 300
Rentovano = 4
Money = 3579
Neaktivnost = 3
