Owned = 1
Owner = James_Banderas
Usage = 2
Enter1 = 1179.807250
Enter2 = -1254.801391
Enter3 = 18.890762
Exit1 = 1345.667724
Exit2 = -1021.830871
Exit3 = -31.141099
Price = 100000
Locked = 0
Interior = 5
VW = 75
Vrsta = 0
Ormar = 1
Skin1 = 230
Skin2 = 0
Skin3 = 0
SafeStatus = 1
SafePass = 123456
Oruzje1 = 0
Oruzje2 = 0
Oruzje3 = 0
Oruzje4 = 0
Municija1 = 0
Municija2 = 0
Municija3 = 0
Municija4 = 0
Drug1 = 500
Drug2 = 100
Drug3 = 0
Drug4 = 0
Drug5 = 500
Drug6 = 200
Drug7 = 0
Drug8 = 0
Drug9 = 0
Drug10 = 0
DrugCode1 = 6978
DrugCode2 = 6974
DrugCode3 = 0
DrugCode4 = 0
DrugCode5 = 6980
DrugCode6 = 6977
DrugCode7 = 0
DrugCode8 = 0
DrugCode9 = 0
DrugCode10 = 0
DoorLevel = 1
Alarm = 2
LockLevel = 2
Time = 0
PizzaTime = 0.000000
Level = 3
Adress = Market
Porez = 0
VrednostPoreza = 0
Rentable = 1
RentPrice = 99
Rentovano = 0
Money = 0
Neaktivnost = 17
