Owned = 1
Owner = Andrej_Qoapster
Usage = 2
Enter1 = 1187.442016
Enter2 = -1260.919921
Enter3 = 15.179677
Exit1 = 1345.667724
Exit2 = -1021.830871
Exit3 = -31.141099
Price = 100000
Locked = 1
Interior = 5
VW = 82
Vrsta = 0
Ormar = 1
Skin1 = 0
Skin2 = 0
Skin3 = 0
SafeStatus = 0
SafePass = 120938
Oruzje1 = 0
Oruzje2 = 0
Oruzje3 = 0
Oruzje4 = 0
Municija1 = 0
Municija2 = 0
Municija3 = 0
Municija4 = 0
Drug1 = 79
Drug2 = 100
Drug3 = 100
Drug4 = 100
Drug5 = 100
Drug6 = 2
Drug7 = 4
Drug8 = 0
Drug9 = 0
Drug10 = 0
DrugCode1 = 6977
DrugCode2 = 6977
DrugCode3 = 6977
DrugCode4 = 6977
DrugCode5 = 6977
DrugCode6 = 3974
DrugCode7 = 3974
DrugCode8 = 0
DrugCode9 = 0
DrugCode10 = 0
DoorLevel = 3
Alarm = 2
LockLevel = 3
Time = 0
PizzaTime = 0.000000
Level = 3
Adress = Market
Porez = 0
VrednostPoreza = 0
Rentable = 1
RentPrice = 300
Rentovano = 5
Money = 40246
Neaktivnost = 234
