Owned = 1
Owner = Milan_Kostic
Usage = 2
Enter1 = 1187.359863
Enter2 = -1254.682006
Enter3 = 15.179677
Exit1 = 1345.667724
Exit2 = -1021.830871
Exit3 = -31.141099
Price = 100000
Locked = 0
Interior = 5
VW = 85
Vrsta = 0
Ormar = 1
Skin1 = 12
Skin2 = 0
Skin3 = 0
SafeStatus = 1
SafePass = 123456
Oruzje1 = 0
Oruzje2 = 0
Oruzje3 = 0
Oruzje4 = 0
Municija1 = 0
Municija2 = 0
Municija3 = 0
Municija4 = 0
Drug1 = 0
Drug2 = 0
Drug3 = 500
Drug4 = 500
Drug5 = 500
Drug6 = 430
Drug7 = 0
Drug8 = 500
Drug9 = 500
Drug10 = 500
DrugCode1 = 0
DrugCode2 = 0
DrugCode3 = 6978
DrugCode4 = 3976
DrugCode5 = 3976
DrugCode6 = 3976
DrugCode7 = 0
DrugCode8 = 6978
DrugCode9 = 6978
DrugCode10 = 6978
DoorLevel = 1
Alarm = 4
LockLevel = 1
Time = 0
PizzaTime = 0.000000
Level = 3
Adress = Market
Porez = 0
VrednostPoreza = 0
Rentable = 1
RentPrice = 500
Rentovano = 0
Money = 0
Neaktivnost = 16
