Owned = 1
Owner = Leonardo_Pacino
Usage = 1
Enter1 = 1094.854492
Enter2 = -647.908325
Enter3 = 113.648437
Exit1 = 2321.835449
Exit2 = -373.050903
Exit3 = 22.105899
Price = 1000000
Locked = 1
Interior = 12
VW = 88
Vrsta = 4
Ormar = 1
Skin1 = 0
Skin2 = 0
Skin3 = 0
SafeStatus = 1
SafePass = 123456
Oruzje1 = 31
Oruzje2 = 31
Oruzje3 = 0
Oruzje4 = 29
Municija1 = 253
Municija2 = 150
Municija3 = 0
Municija4 = 150
Drug1 = 251
Drug2 = 500
Drug3 = 470
Drug4 = 209
Drug5 = 1
Drug6 = 0
Drug7 = 0
Drug8 = 0
Drug9 = 0
Drug10 = 0
DrugCode1 = 6976
DrugCode2 = 6977
DrugCode3 = 6977
DrugCode4 = 6981
DrugCode5 = 6976
DrugCode6 = 0
DrugCode7 = 0
DrugCode8 = 0
DrugCode9 = 0
DrugCode10 = 0
DoorLevel = 0
Alarm = 2
LockLevel = 0
Time = 0
PizzaTime = 0.000000
Level = 10
Adress = Mulholland
Porez = 0
VrednostPoreza = 0
Rentable = 1
RentPrice = 1000
Rentovano = 0
Money = 2000
Neaktivnost = 4
