Owned = 1
Owner = Frenando_Hierra
Usage = 2
Enter1 = 1187.360229
Enter2 = -1226.992065
Enter3 = 18.554687
Exit1 = 1345.667724
Exit2 = -1021.830871
Exit3 = -31.141099
Price = 100000
Locked = 0
Interior = 5
VW = 90
Vrsta = 0
Ormar = 1
Skin1 = 165
Skin2 = 0
Skin3 = 0
SafeStatus = 1
SafePass = 123456
Oruzje1 = 0
Oruzje2 = 0
Oruzje3 = 0
Oruzje4 = 0
Municija1 = 0
Municija2 = 0
Municija3 = 0
Municija4 = 0
Drug1 = 100
Drug2 = 100
Drug3 = 10
Drug4 = 0
Drug5 = 0
Drug6 = 0
Drug7 = 0
Drug8 = 0
Drug9 = 0
Drug10 = 0
DrugCode1 = 6981
DrugCode2 = 6981
DrugCode3 = 6981
DrugCode4 = 0
DrugCode5 = 0
DrugCode6 = 0
DrugCode7 = 0
DrugCode8 = 0
DrugCode9 = 0
DrugCode10 = 0
DoorLevel = 3
Alarm = 2
LockLevel = 3
Time = 0
PizzaTime = 0.000000
Level = 3
Adress = Market
Porez = 0
VrednostPoreza = 0
Rentable = 1
RentPrice = 1
Rentovano = 4
Money = 1084
Neaktivnost = 5
