Owned = 1
Owner = Mladen_Knez
Usage = 1
Enter1 = 1045.037231
Enter2 = -642.961303
Enter3 = 120.117187
Exit1 = 1915.924804
Exit2 = -371.074890
Exit3 = 7.406898
Price = 750000
Locked = 0
Interior = 10
VW = 92
Vrsta = 3
Ormar = 1
Skin1 = 0
Skin2 = 0
Skin3 = 0
SafeStatus = 0
SafePass = 123321
Oruzje1 = 0
Oruzje2 = 0
Oruzje3 = 0
Oruzje4 = 0
Municija1 = 0
Municija2 = 0
Municija3 = 0
Municija4 = 0
Drug1 = 0
Drug2 = 0
Drug3 = 0
Drug4 = 0
Drug5 = 0
Drug6 = 0
Drug7 = 0
Drug8 = 0
Drug9 = 0
Drug10 = 0
DrugCode1 = 0
DrugCode2 = 0
DrugCode3 = 0
DrugCode4 = 0
DrugCode5 = 0
DrugCode6 = 0
DrugCode7 = 0
DrugCode8 = 0
DrugCode9 = 0
DrugCode10 = 0
DoorLevel = 3
Alarm = 2
LockLevel = 2
Time = 0
PizzaTime = 0.000000
Level = 5
Adress = Mulholland
Porez = 0
VrednostPoreza = 0
Rentable = 1
RentPrice = 1
Rentovano = 1
Money = 33
Neaktivnost = 16
