Pos1X0 = 0.000000
Pos1Y0 = 0.000000
Pos1Z0 = 0.000000
Int10 = 0
VW10 = 0
Pos2X0 = 0.000000
Pos2Y0 = 0.000000
Pos2Z0 = 0.000000
Int20 = 0
VW20 = 0
Pos1X1 = 0.000000
Pos1Y1 = 0.000000
Pos1Z1 = 0.000000
Int11 = 0
VW11 = 0
Pos2X1 = 0.000000
Pos2Y1 = 0.000000
Pos2Z1 = 0.000000
Int21 = 0
VW21 = 0
Pos1X2 = 1615.526489
Pos1Y2 = -1470.787475
Pos1Z2 = -74.817596
Int12 = 6
VW12 = 1
Pos2X2 = 1569.417968
Pos2Y2 = -1690.373046
Pos2Z2 = 33.103000
Int22 = 0
VW22 = 0
