Pos1X0 = 0.000000
Pos1Y0 = 0.000000
Pos1Z0 = 0.000000
Int10 = 0
VW10 = 0
Pos2X0 = 0.000000
Pos2Y0 = 0.000000
Pos2Z0 = 0.000000
Int20 = 0
VW20 = 0
Pos1X1 = 67.077865
Pos1Y1 = 620.803649
Pos1Z1 = 1388.401977
Int11 = 6
VW11 = 20
Pos2X1 = 2769.384765
Pos2Y1 = -1629.530029
Pos2Z1 = 21.365999
Int21 = 0
VW21 = 0
