Pos1X0 = 238.725921
Pos1Y0 = 138.624862
Pos1Z0 = 1003.023437
Int10 = 3
VW10 = 4
Pos2X0 = 718.947021
Pos2Y0 = -1339.385742
Pos2Z0 = 34.218200
Int20 = 0
VW20 = 0
