Pos1X0 = -2271.731445
Pos1Y0 = 111.599494
Pos1Z0 = -5.176449
Int10 = 3
VW10 = 2
Pos2X0 = 1157.227416
Pos2Y0 = -1333.037841
Pos2Z0 = 31.510900
Int20 = 0
VW20 = 0
