[Informacije]
par1ID0 = 16
par2ID0 = 22
Rezultat10 = 0
Rezultat20 = 0
Kvota0 = 3.000000
HourPobeda0 = 25.11.2015 09:30
par1ID1 = 29
par2ID1 = 3
Rezultat11 = 3
Rezultat21 = 4
Kvota1 = 2.200000
HourPobeda1 = 25.11.2015 09:30
par1ID2 = 18
par2ID2 = 42
Rezultat12 = 1
Rezultat22 = 2
Kvota2 = 4.000000
HourPobeda2 = 25.11.2015 09:30
par1ID3 = 41
par2ID3 = 30
Rezultat13 = 2
Rezultat23 = 4
Kvota3 = 2.599999
HourPobeda3 = 25.11.2015 09:30
par1ID4 = 10
par2ID4 = 24
Rezultat14 = 2
Rezultat24 = 2
Kvota4 = 3.000000
HourPobeda4 = 25.11.2015 09:30
par1ID5 = 42
par2ID5 = 43
Rezultat15 = 0
Rezultat25 = 2
Kvota5 = 2.799999
HourPobeda5 = 25.11.2015 09:30
par1ID6 = 3
par2ID6 = 36
Rezultat16 = 3
Rezultat26 = 2
Kvota6 = 2.599999
HourPobeda6 = 25.11.2015 09:30
par1ID7 = 9
par2ID7 = 45
Rezultat17 = 5
Rezultat27 = 3
Kvota7 = 2.400000
HourPobeda7 = 25.11.2015 09:30
par1ID8 = 1
par2ID8 = 20
Rezultat18 = 3
Rezultat28 = 2
Kvota8 = 2.400000
HourPobeda8 = 25.11.2015 09:30
par1ID9 = 7
par2ID9 = 6
Rezultat19 = 1
Rezultat29 = 1
Kvota9 = 3.000000
HourPobeda9 = 25.11.2015 09:30
