Owner = 
Model = 980
For = 1
OrgID = 5
Speed = 2.000000
Radius = 8.000000
Time = 7000
Pos1 = 3103.311035
Pos2 = -679.210693
Pos3 = 9.339991
Pos4 = 0.000000
Pos5 = 0.099999
Pos6 = -89.666938
Interior = 0
World = 0
Move1 = 3103.311035
Move2 = -679.200683
Move3 = 3.600000
Move4 = 0.000000
Move5 = 0.099999
Move6 = -89.666938
