Owner = 
Model = 968
For = 1
OrgID = 1
Speed = 2.000000
Radius = 8.000000
Time = 10000
Pos1 = 1544.106811
Pos2 = -1631.518920
Pos3 = 13.496769
Pos4 = 1.100000
Pos5 = 90.399955
Pos6 = 90.527183
Interior = 0
World = 0
Move1 = 1544.107299
Move2 = -1631.538818
Move3 = 13.506907
Move4 = 1.100000
Move5 = 16.399978
Move6 = 90.327186
