Owner = 
Model = 980
For = 1
OrgID = 15
Speed = 2.000000
Radius = 8.000000
Time = 7000
Pos1 = 210.814056
Pos2 = -1349.988037
Pos3 = 52.198062
Pos4 = 0.000000
Pos5 = 0.000000
Pos6 = -141.457748
Interior = 0
World = 0
Move1 = 210.814056
Move2 = -1349.988037
Move3 = 46.258083
Move4 = 0.000000
Move5 = 0.000000
Move6 = -141.457748
