Owner = 
Model = 980
For = 1
OrgID = 6
Speed = 2.000000
Radius = 8.000000
Time = 7000
Pos1 = 1025.986083
Pos2 = -2063.532958
Pos3 = 14.312736
Pos4 = 0.000000
Pos5 = 0.000000
Pos6 = -100.599594
Interior = 0
World = 0
Move1 = 1025.986083
Move2 = -2063.532958
Move3 = 9.102732
Move4 = 0.000000
Move5 = 0.000000
Move6 = -100.599594
