Owner = Bane_Bambisha
Model = 980
For = 2
OrgID = -1
Speed = 2.000000
Radius = 8.000000
Time = 7000
Pos1 = 417.740020
Pos2 = -1250.919677
Pos3 = 50.091102
Pos4 = -0.599999
Pos5 = -1.300000
Pos6 = -157.907714
Interior = 0
World = 0
Move1 = 417.635925
Move2 = -1250.915161
Move3 = 45.922405
Move4 = -0.599999
Move5 = -1.300000
Move6 = -157.907714
