Owner = Trajce_Gambino
Model = 971
For = 2
OrgID = -1
Speed = 2.000000
Radius = 8.000000
Time = 7000
Pos1 = 1003.915222
Pos2 = -643.867980
Pos3 = 123.659461
Pos4 = 0.000000
Pos5 = 0.000000
Pos6 = 22.900829
Interior = 0
World = 0
Move1 = 1003.915222
Move2 = -643.867980
Move3 = 116.019470
Move4 = 0.000000
Move5 = 0.000000
Move6 = 22.900829
