Owner = 
Model = 980
For = 1
OrgID = 4
Speed = 2.000000
Radius = 8.000000
Time = 7000
Pos1 = 771.839111
Pos2 = -1384.438110
Pos3 = 15.018984
Pos4 = -0.299999
Pos5 = 0.000000
Pos6 = 179.927734
Interior = 0
World = 0
Move1 = 771.839111
Move2 = -1384.408691
Move3 = 9.439061
Move4 = -0.299999
Move5 = 0.000000
Move6 = 179.927734
