MaxSpeed = 60
Price = 600
Pos1 = 2106.753417
Pos2 = -1404.541992
Pos3 = 21.808120
Pos4 = 0.000000
Pos5 = 0.000000
Pos6 = 359.396728
