MaxSpeed = 70
Price = 1200
Pos1 = 2061.147460
Pos2 = -1183.038940
Pos3 = 22.655021
Pos4 = 0.000000
Pos5 = 0.000000
Pos6 = 357.728668
