MaxSpeed = 60
Price = 2000
Pos1 = 1455.281616
Pos2 = -1155.305664
Pos3 = 21.783273
Pos4 = 0.000000
Pos5 = 0.000000
Pos6 = 2.397485
