MaxSpeed = 70
Price = 2000
Pos1 = 1347.888916
Pos2 = -1383.870727
Pos3 = 12.636998
Pos4 = 0.000000
Pos5 = 0.999999
Pos6 = -178.487426
