MaxSpeed = 71
Price = 12
Pos1 = 839.232604
Pos2 = -2026.803100
Pos3 = 12.867187
Pos4 = 0.000000
Pos5 = 0.000000
Pos6 = 0.000000
