MaxSpeed = 70
Price = 2000
Pos1 = 1307.543090
Pos2 = -1405.965332
Pos3 = 18.476631
Pos4 = -5.800006
Pos5 = -90.400024
Pos6 = -90.030387
