MaxSpeed = 70
Price = 2500
Pos1 = 1058.828613
Pos2 = -1135.558593
Pos3 = 22.648122
Pos4 = 0.000000
Pos5 = 0.000000
Pos6 = -3.615912
