MaxSpeed = 70
Price = 2000
Pos1 = 1037.774780
Pos2 = -1314.781127
Pos3 = 12.566848
Pos4 = 0.000000
Pos5 = 0.000000
Pos6 = -91.361373
