MaxSpeed = 50
Price = 2000
Pos1 = 1503.022583
Pos2 = -1737.579589
Pos3 = 12.126874
Pos4 = 0.000000
Pos5 = 0.000000
Pos6 = 90.956375
