MaxSpeed = 70
Price = 2000
Pos1 = 792.093627
Pos2 = -1285.024536
Pos3 = 12.443425
Pos4 = 0.000000
Pos5 = 0.000000
Pos6 = 358.882141
