MaxSpeed = 50
Price = 2000
Pos1 = 1428.705200
Pos2 = -1040.162597
Pos3 = 22.578125
Pos4 = 0.000000
Pos5 = 0.000000
Pos6 = 91.944396
