MaxSpeed = 50
Price = 2000
Pos1 = 1443.130126
Pos2 = -1430.075683
Pos3 = 21.683544
Pos4 = 30.700002
Pos5 = 87.699966
Pos6 = 0.834116
