MaxSpeed = 70
Price = 3000
Pos1 = 1194.941894
Pos2 = -932.461425
Pos3 = 41.941825
Pos4 = 0.000000
Pos5 = 0.000000
Pos6 = -81.518981
