MaxSpeed = 60
Price = 200
Pos1 = 1737.421020
Pos2 = -1167.067504
Pos3 = 22.878120
Pos4 = 0.000000
Pos5 = 0.000000
Pos6 = 90.521530
