MaxSpeed = 50
Price = 2000
Pos1 = 1487.353149
Pos2 = -1586.906372
Pos3 = 12.552814
Pos4 = 0.000000
Pos5 = 0.000000
Pos6 = 270.944793
