MaxSpeed = 80
Price = 3000
Pos1 = 808.919677
Pos2 = -1390.246215
Pos3 = 12.490099
Pos4 = 0.000000
Pos5 = 0.000000
Pos6 = -90.338417
