MaxSpeed = 50
Price = 3000
Pos1 = 1585.724365
Pos2 = -1598.412963
Pos3 = 22.940292
Pos4 = 32.899997
Pos5 = 88.200019
Pos6 = 88.037384
