MaxSpeed = 70
Price = 1200
Pos1 = 1352.658813
Pos2 = -1126.453491
Pos3 = 22.909761
Pos4 = 0.000000
Pos5 = 0.000000
Pos6 = 1.747985
