MaxSpeed = 50
Price = 2000
Pos1 = 1524.273803
Pos2 = -1653.352539
Pos3 = 12.792809
Pos4 = 0.000000
Pos5 = 0.000000
Pos6 = 1.747588
