MaxSpeed = 50
Price = 2000
Pos1 = 1443.852050
Pos2 = -1451.073364
Pos3 = 12.404129
Pos4 = 0.000000
Pos5 = 0.000000
Pos6 = 150.669845
