[Informacije]
Lozinka = abas12cx
Pol = 1
Godine = 30
Novac = 3179937
Level = 1
Respekt = 25
Poboljsanja = 18
PayDay = 44
Admin = 7
Skin = 100
Spawn = 2
Lider = 0
Clan = 0
Rank = 0
VoziloID1 = 602
VoziloID2 = 1120
VoziloID3 = -1
VoziloID4 = -1
Materijali = 0
FirmaID = -1
Posao = 0
Ugovor = 3
MehSkill = 0
MDelovi = 0
Head = 18896
HeadPos1 = 0.119998
HeadPos2 = 0.009998
HeadPos3 = 0.000000
HeadPos4 = -90.000000
HeadPos5 = 0.000000
HeadPos6 = -90.000000
HeadPos7 = 8.225002
HeadPos8 = 4.658998
HeadPos9 = 6.139997
Face = 18912
FacePos1 = 0.074997
FacePos2 = 0.019997
FacePos3 = 0.000000
FacePos4 = -90.000000
FacePos5 = 0.000000
FacePos6 = -90.000000
FacePos7 = 9.941987
FacePos8 = 4.252995
FacePos9 = 6.872999
SungMask = 0
SungMaskPos1 = 0.000000
SungMaskPos2 = 0.000000
SungMaskPos3 = 0.000000
SungMaskPos4 = 0.000000
SungMaskPos5 = 0.000000
SungMaskPos6 = 0.000000
SungMaskPos7 = 0.000000
SungMaskPos8 = 0.000000
SungMaskPos9 = 0.000000
Cigare = 0
Upaljac = 1
BStil = 3
Registrovan = 1
SHealth = 0.000000
BrojTelefona = 745934
Vozacka = 1
Motorska = 0
KamionskaC1 = 0
KamionskaC2 = 1
KamionskaC3 = 0
Brodska = 0
Letelica = 0
Osnovna = 3
Srednja = 6
Fakultet = 15
SkolaLimit = 0
Ubijen = 0
Drug1 = 1
Drug2 = 4
Drug3 = 0
Drug4 = 0
Drug5 = 0
DrugCode1 = 3999
DrugCode2 = 2981
DrugCode3 = 0
DrugCode4 = 0
DrugCode5 = 0
Solna = 0
Pseudo = 0
SodaB = 0
CrveniF = 0
LysAcid = 0
DesVoda = 0
Marihuana = 0
Opium = 0
Kalcijum = 0
AmonijumHlorid = 0
Kokain = 0
Kokain2 = 0
MetilAmin = 0
Hunger = 7
HeroinAddict = false
HeroinUsed = 0
HeroinIndicator = 0
CokeCrackAddict = false
CokeCrackUsed = 0
CokeCrackIndicator = 0
MethAddict = false
MethIndicator = 0
MethUsed = 0
Inekcija = false
Toolkit = false
Property1 = 709
Property2 = -1
Property3 = -1
GunLicense = false
TelefonBon = 780
ModelTelefona = 18865
Snaga = 0
Zatvor = 0
ZatvorVreme = 0
Wanted = 0
Uhapsen = 0
PDUhapsio = 0
PDStatsTicket = 0
PDStatsTicketMoney = 0
TakenWeps = 0
TakenDrugs = 0
PocetniTut = 1
AKod = 1
Sat = 19039
MaskID = 645604
BRacun = 3997600
PreostaloZaOtplatu = 0
IznosRate = 0
IznosKredita = 0
OnlineSati = 320
RPTeacher = 0
RPLearn = 0
Warn = 0
Mute = 0
Marker1 = 1000.627502
Marker2 = -2102.218750
Marker3 = 13.083000
BrojNews = 1
OrgUgovor = 0
GpsLevel = 3
Helmet = 0
BanDays = 0
BanMonths = 0
BanYear = 0
GradRank = 0
Ozo = 0
UlazBL = 0
Boombox = false
HelmetPos1 = 0.000000
HelmetPos2 = 0.000000
HelmetPos3 = 0.000000
HelmetPos4 = 0.000000
HelmetPos5 = 0.000000
HelmetPos6 = 0.000000
HelmetPos7 = 0.000000
HelmetPos8 = 0.000000
HelmetPos9 = 0.000000
Drzava = 3
Email = acika993@hotmail.com
VIPLevel = 0
HitmenCena = 0
Objekt1 = -1
Objekt2 = -1
Objekt3 = -1
Objekt4 = -1
Objekt5 = -1
Objekt6 = -1
Objekt7 = -1
Objekt8 = -1
Objekt9 = -1
Objekt10 = -1
LesLimit = 0
KazneniUgovor = 0
OffPJail = N
OffPPrison = 
OffPMute = 
StaffMin = 19242
LastLogin = 11/11/2015 - 18/57/38
Married = false
MarriedTo = Niko
TogMob = false
HotelID = -1
HotelRoom = 10
Promoter = 0
FieldID = -1
Sljive = 0
Kruske = 0
Jabuke = 0
Kupus = 0
Ruze = 0
SemeSljive = 0
SemeKruske = 0
SemeJabuke = 0
SemeKupusa = 0
SemeRuze = 0
LottoNumber1 = 0
LottoNumber2 = 0
LottoNumber3 = 0
LottoNumber4 = 0
LottoNumber5 = 0
LottoNumber6 = 0
LottoNumber7 = 0
LottoMoney = 0
GarageID = -1
ImaBRacun = true
PlatniRacun = 0
DonatorSlot = false
PljackaVreme = 0
Ranac = 0
LeaveJail = false
BailPrice = 0
LottoNumber = 0
HangarTime = 0
Event1Mesto = 0
Event2Mesto = 0
Event3Mesto = 2
DMEventUbistva = 67
RentID = -1
Zlato = 0
RezervniKljucevi = -1
SkriptaRank = 1
RadarBodovi = 5
DBO = true
DBoja = 10
